2346	Aguilar Santillanes	1021004	CARTERA_IDE	2015-08-20	0	0	0	0	0	0	22254	15	2627	0	0	0	0	0	0	0	0	0	0	24896
2391	Almora Hernandez Dam	1021058	CARTERA_IDE	2015-08-20	0	0	0	0	0	0	20122	655	1583	0	0	745	0	0	0	0	0	0	41	23146
2394	Ballesteros Medina E	1021059	CARTERA_IDE	2015-08-20	0	0	0	0	0	0	14480	5	499	0	0	0	0	0	0	0	0	0	0	14984
2370	Banuelos Barrera Dan	1021036	CARTERA_IDE	2015-08-20	0	0	0	0	0	0	27577	10	1962	0	0	0	0	0	0	0	0	0	2	29551
2376	Blanco Amesquita Dan	1021053	CARTERA_IDE	2015-08-20	0	0	0	0	0	0	29463	395	5023	0	608	678	0	0	0	136	0	0	5	36308
2049	Cano Saenz Sarai	1021049	CARTERA_IDE	2015-08-20	0	0	0	0	0	0	12628	10	1338	0	0	0	0	0	0	0	0	0	2	13978
2314	Castillo Ruiz Ivan	1021016	CARTERA_IDE	2015-08-20	0	0	0	0	0	0	2471	5	0	0	0	0	0	0	0	0	0	0	1	2477
2365	Chacon Arzaga Josue	1021041	CARTERA_IDE	2015-08-20	0	0	0	0	0	0	24447	20	2216	0	1949	0	0	0	0	127	0	0	5	28764
2319	Chacon Reyes Rocio	1021009	CARTERA_IDE	2015-08-20	0	0	0	0	0	0	30509	15	1448	0	0	0	0	0	1064	0	0	0	3	33039
2358	Chaparro Maicol Chri	1021001	CARTERA_IDE	2015-08-20	0	0	0	0	0	0	28430	10	2229	0	0	0	0	0	0	0	0	0	1	30670
2228	Chavez Quinones Josu	1021032	CARTERA_IDE	2015-08-20	0	0	0	0	0	0	27211	30	2702	0	226	0	0	0	0	0	0	0	0	30169
2352	Chavez Solis Linda	1021005	CARTERA_IDE	2015-08-20	0	0	0	0	0	0	29047	1131	1947	0	0	0	0	0	0	106	0	0	14	32245
2146	Chavira Sifuentes Cr	1021022	CARTERA_IDE	2015-08-20	0	0	0	0	0	0	21569	5	1887	0	232	0	0	0	0	0	3	0	0	23696
2168	Colomo Diaz Ivan	1021049	CARTERA_IDE	2015-08-20	0	0	0	0	0	0	13440	5	971	0	0	0	0	0	0	0	448	0	1	14865
2251	Cordero Marquez Rafa	1021062	Cartera Desborde	2015-08-20	0	0	0	0	0	0	80	5	0	0	0	0	0	0	0	0	0	0	0	85
2251	Cordero Marquez Rafa	1021062	CARTERA_IDE	2015-08-20	0	0	0	0	0	0	15310	0	860	0	0	0	0	0	0	0	185	0	0	16355
2331	Corral Ponce Veronic	1021075	CARTERA_IDE	2015-08-20	0	0	0	0	0	0	17053	10	890	0	0	0	0	0	0	0	0	0	1	17954
2106	Cortez Valdez Ivan A	1021064	Cartera Desborde	2015-08-20	41	0	336.9024353	13813	0	0	11656	445	2543	0	0	0	35	0	638	0	0	0	1	29131
2298	De los Angeles Chris	1021033	CARTERA_IDE	2015-08-20	0	0	0	0	0	0	115	5	0	0	402	0	0	0	0	0	0	0	0	522
2268	Diaz Rivera Itzel	1021068	CARTERA_IDE	2015-08-20	0	0	0	0	0	0	15179	10	1148	0	0	0	0	0	0	110	0	0	31	16478
2010	Escobedo M. Bianca	1021014	CARTERA_IDE	2015-08-20	0	0	0	0	0	0	8711	10	1765	0	682	0	0	0	0	0	0	0	0	11168
2383	Estrada Mujica Aleja	1021068	CARTERA_IDE	2015-08-20	0	0	0	0	0	0	12910	5	862	0	0	611	0	0	0	0	0	0	4	14392
2170	Falcon Perez Luis	1021046	Cartera Desborde	2015-08-20	4	0	389	1556	0	0	1288	5	0	0	0	0	0	0	0	0	0	0	0	2849
2170	Falcon Perez Luis	1021046	CARTERA_IDE	2015-08-20	0	0	0	0	0	0	10667	0	1081	0	0	0	0	0	0	139	0	0	1	11888
2124	Fernandez Balvanera	1021070	CARTERA_IDE	2015-08-20	0	0	0	0	0	0	4249	10	0	0	115	0	0	0	0	0	0	0	0	4374
2124	Fernandez Balvanera	1021065	CARTERA_IDE	2015-08-20	0	0	0	0	0	0	5395	5	901	0	0	0	0	0	0	0	0	0	0	6301
2169	Fierro Alvarado Karl	1021048	CARTERA_IDE	2015-08-20	0	0	0	0	0	0	13042	10	868	0	0	0	0	0	0	0	0	0	1	13921
2156	Figueroa Marrufo Adr	1021043	Cartera Desborde	2015-08-20	1	0	168	168	0	0	0	75	0	0	0	0	0	0	0	0	0	0	0	243
2156	Figueroa Marrufo Adr	1021043	CARTERA_IDE	2015-08-20	0	0	0	0	0	0	14025	17	890	0	1031	0	0	0	0	133	0	0	0	16096
2303	Flores Arras Claudia	1021078	CARTERA_IDE	2015-08-20	0	0	0	0	0	0	28757	15	2119	0	0	0	0	0	1036	0	0	0	5	31932
2384	Flores Heredia Keyla	1021043	CARTERA_IDE	2015-08-20	0	0	0	0	0	0	19435	67	997	0	0	605	0	0	0	0	0	0	14	21118
2172	Flores Murillo Denis	1021045	Cartera Desborde	2015-08-20	0	0	0	0	0	0	2242	10	0	0	0	0	0	0	0	0	0	0	5	2257
2172	Flores Murillo Denis	1021046	CARTERA_IDE	2015-08-20	0	0	0	0	0	0	8595	0	883	0	0	0	0	0	0	0	0	0	0	9478
2145	Frías Ruiz José Fran	1021046	CARTERA_IDE	2015-08-20	0	0	0	0	0	0	620	5	0	0	0	0	0	0	0	0	0	0	2	627
2372	Garcia Ortiz Ever	1021045	CARTERA_IDE	2015-08-20	0	0	0	0	0	0	15200	5	930	0	0	0	0	0	0	0	0	0	0	16135
2072	Garcia Urtuzuastegui	1021059	CARTERA_IDE	2015-08-20	0	0	0	0	0	0	10890	15	1182	0	1538	0	0	0	92	0	51	0	2	13770
2236	Gaytan Gallardo Vict	1021027	CARTERA_IDE	2015-08-20	0	0	0	0	0	0	30388	15	2785	0	219	0	0	0	0	121	0	0	0	33528
2327	Gonzalez Gonzalez Na	1021079	CARTERA_IDE	2015-08-20	0	0	0	0	0	0	21401	25	2715	0	973	0	0	0	428	0	0	0	11	25553
2386	Grajeda Favela Jesus	1021070	CARTERA_IDE	2015-08-20	0	0	0	0	0	0	1853	45	660	0	0	0	0	0	0	0	0	0	2	2563
2232	Haro Chavez Leslie	1021023	CARTERA_IDE	2015-08-20	0	0	0	0	0	0	21533	5	1977	0	0	0	0	0	0	0	0	0	1	23516
2243	Hernandez Macias Ana	1021044	CARTERA_IDE	2015-08-20	0	0	0	0	0	0	1810	5	0	0	375	0	0	0	0	0	0	0	0	2190
2387	Hernandez Ramirez Ga	1021028	CARTERA_IDE	2015-08-20	0	0	0	0	0	0	18895	5	1237	0	0	1419	0	0	686	0	0	0	2	22244
2107	Ibarra Enriquez Mari	1021057	CARTERA_IDE	2015-08-20	0	0	0	0	0	0	15824	5	1829	0	0	0	0	0	0	0	0	0	0	17658
2350	Jaramillo Flores Ser	1021039	CARTERA_IDE	2015-08-20	0	0	0	0	0	0	21392	15	3814	0	0	0	0	0	0	0	0	0	1	25222
2229	Lara Clift Sylvia	1021002	CARTERA_IDE	2015-08-20	0	0	0	0	0	0	22108	10	2673	0	0	0	0	0	522	0	0	0	2	25315
2323	Lara Garcia Teresita	1021047	Cartera Desborde	2015-08-20	0	0	0	0	0	0	145	10	0	0	0	0	0	0	0	0	0	0	0	155
2323	Lara Garcia Teresita	1021047	CARTERA_IDE	2015-08-20	0	0	0	0	0	0	5034	0	0	0	665	0	0	0	0	0	0	0	5	5704
2194	Leyva Rodriguez Ana	1021012	CARTERA_IDE	2015-08-20	0	0	0	0	0	0	30210	10	661	0	383	0	0	0	0	0	0	0	6	31270
2339	Leyva Rodriguez Serg	1021029	CARTERA_IDE	2015-08-20	0	0	0	0	0	0	20602	10	2467	0	0	0	0	0	0	0	0	0	6	23085
2392	Lopez Meraz Yessica	1021031	CARTERA_IDE	2015-08-20	0	0	0	0	0	0	15338	20	891	0	0	0	0	0	0	0	0	0	4	16253
2368	Lopez Torres Luis	1021040	CARTERA_IDE	2015-08-20	0	0	0	0	0	0	22255	5	2262	0	0	0	0	0	0	0	0	0	1	24523
2224	Loya Martinez Bannel	1021019	CARTERA_IDE	2015-08-20	0	0	0	0	0	0	14261	5	0	0	1864	0	0	0	0	0	0	0	0	16130
2332	Lujan Arais Sara	1021061	CARTERA_IDE	2015-08-20	0	0	0	0	0	0	22351	10	2559	0	0	0	0	0	0	0	0	0	1	24921
2377	Marcial Mendoza Abel	1021018	CARTERA_IDE	2015-08-20	0	0	0	0	0	0	4481	11	0	0	0	0	0	0	0	0	0	0	1	4493
2180	Marrufo martinez Cin	1021060	CARTERA_IDE	2015-08-20	0	0	0	0	0	0	15872	5	1049	0	128	0	0	0	0	0	0	0	2	17056
2080	Martinez Maldonado E	1021051	CARTERA_IDE	2015-08-20	0	0	0	0	0	0	5372	5	0	0	0	0	0	0	0	0	0	0	5	5382
2081	Martinez Maldonado P	1021050	CARTERA_IDE	2015-08-20	0	0	0	0	0	0	7796	10	1010	0	335	0	0	0	0	0	0	0	1	9152
2181	medina Rivas Jazmin	1021014	CARTERA_IDE	2015-08-20	0	0	0	0	0	0	11421	10	1214	0	327	0	0	0	0	0	0	0	5	12977
2297	Medrano Cordero Daya	1021021	CARTERA_IDE	2015-08-20	0	0	0	0	0	0	21549	10	2731	0	362	0	0	0	385	0	0	0	1	25038
2183	Mendoza Ruiz Rene	1021042	CARTERA_IDE	2015-08-20	0	0	0	0	0	0	6512	5	7261	0	186	0	0	0	0	0	0	0	1	13965
2359	Moreno Hernandez Lui	1021026	CARTERA_IDE	2015-08-20	0	0	0	0	0	0	24966	20	5086	0	632	0	0	0	0	171	0	0	4	30879
2393	Morquecho Alejandra	1021052	CARTERA_IDE	2015-08-20	0	0	0	0	0	0	6830	6	0	0	0	0	0	0	0	0	0	0	0	6836
2293	Muñoz Acosta Eric	1021001	CARTERA_IDE	2015-08-20	0	0	0	0	0	0	29153	25	2236	0	0	0	0	0	0	158	0	0	20	31592
2032	Ortiz Lopez Alejandr	1021048	Cartera Desborde	2015-08-20	24	0	312.0416565	7489	0	0	16833	10	2479	0	0	0	0	0	295	0	0	0	1	27107
2364	Ortiz Valenzuela Ces	1021056	CARTERA_IDE	2015-08-20	0	0	0	0	0	0	13840	5	883	0	216	0	0	0	0	0	0	0	0	14944
2215	Palomino Zaragoza Ma	1021067	CARTERA_IDE	2015-08-20	0	0	0	0	0	0	22676	5	2252	0	423	0	0	0	0	134	0	0	3	25493
2289	Pena Claro Laura	1021035	CARTERA_IDE	2015-08-20	0	0	0	0	0	0	13802	10	851	0	0	0	0	0	0	0	0	0	0	14663
2336	Peña Avalos Luis	1021113	REA	2015-08-20	3	1	563.666687	1691	0	0	12600	42	0	0	0	0	0	0	0	0	0	0	6	14339
2351	Perez Chavarria Gabr	1021003	CARTERA_IDE	2015-08-20	0	0	0	0	0	0	29591	10	1976	0	662	0	0	0	0	0	0	0	1	32240
2142	Perez Talamantes Mel	1021028	Cartera Desborde	2015-08-20	9	0	428.444458	3856	0	0	2743	0	0	0	0	0	0	0	0	0	0	0	12	6611
2142	Perez Talamantes Mel	1021028	CARTERA_IDE	2015-08-20	0	0	0	0	0	0	12689	10	1157	0	347	0	0	0	0	0	0	0	1	14204
2216	Renova Banda Selene	1021066	CARTERA_IDE	2015-08-20	0	0	0	0	0	0	13517	5	1401	0	569	0	0	0	0	35	0	0	0	15527
2388	Rivera Chavez Omar	1021077	CARTERA_IDE	2015-08-20	0	0	0	0	0	0	22693	5	1996	0	0	273	0	0	223	155	0	0	3	25348
2205	Romero Gamboa  Javie	1021066	CARTERA_IDE	2015-08-20	0	0	0	0	0	0	14337	10	1315	2536	0	0	0	0	0	0	0	0	0	18198
2254	Ruiz Grajeda Sandra	1021044	CARTERA_IDE	2015-08-20	0	0	0	0	0	0	15373	10	981	0	0	0	0	0	0	0	0	0	5	16369
2160	Salcedo Amezquita Iv	1021054	Cartera Desborde	2015-08-20	14	0	420.5	5887	0	0	5965	5	900	0	1389	0	0	0	0	0	0	0	5	14151
2160	Salcedo Amezquita Iv	1021054	CARTERA_IDE	2015-08-20	0	0	0	0	0	0	68	46	0	0	0	0	0	0	0	0	0	0	0	114
2237	Salinas Gonzalez Dan	1021054	Cartera Desborde	2015-08-20	0	0	0	0	0	0	1265	5	0	0	0	0	0	0	0	0	219	0	0	1489
2237	Salinas Gonzalez Dan	1021054	CARTERA_IDE	2015-08-20	0	0	0	0	0	0	19900	5	1937	0	349	0	0	0	1361	0	0	0	2	23554
2294	Soto BustilloTeresa	1021015	CARTERA_IDE	2015-08-20	0	0	0	0	0	0	30658	15	1790	0	0	0	0	0	0	136	194	0	8	32801
2389	Soto Marquez Laura	1021011	CARTERA_IDE	2015-08-20	0	0	0	0	0	0	22988	5	2006	0	0	375	0	0	0	0	0	0	3	25377
2052	Uribe Moya Miguel	1021013	CARTERA_IDE	2015-08-20	0	0	0	0	0	0	13579	5	844	0	0	0	0	0	0	0	0	0	1	14429
2258	Valverde Villezcas J	1021072	CARTERA_IDE	2015-08-20	0	0	0	0	0	0	16697	5	1154	0	135	0	0	0	0	109	0	0	1	18101
2266	Vazquez Contreras Ju	1021071	CARTERA_IDE	2015-08-20	0	0	0	0	0	0	15052	5	1164	0	587	0	0	0	0	0	0	0	5	16813
2117	Zavala Velazquillo A	1021002	CARTERA_IDE	2015-08-20	0	0	0	0	0	0	15900	5	1013	0	0	0	0	0	0	0	0	0	1	16919
2175	Zubiate Carrillo Pau	1021024	CARTERA_IDE	2015-08-20	0	0	0	0	0	0	17348	5	1923	0	0	0	0	0	1050	0	0	0	1	20327
