2346	Aguilar Santillanes	1021006	CARTERA_IDE	2015-07-24	0	0	0	0	0	0	18814	10	2596	0	0	0	0	0	0	0	0	0	0	21420
2905	Alvidrez Romero Ivan	1021060	Cartera Desborde	2015-07-24	0	0	0	0	0	0	4559	5	0	0	0	0	0	0	0	0	0	0	0	4564
2370	Banuelos Barrera Dan	1021040	CARTERA_IDE	2015-07-24	0	0	0	0	0	0	12686	5	917	0	0	0	0	0	0	0	0	0	10	13618
2195	Camacho Maynez Ana	1021072	Cartera Desborde	2015-07-24	0	0	0	0	0	0	96	5	0	0	0	0	0	0	0	0	0	0	0	101
2195	Camacho Maynez Ana	1021072	CARTERA_IDE	2015-07-24	0	0	0	0	0	0	13895	5	2230	0	0	0	0	0	0	0	657	0	1	16788
2314	Castillo Ruiz Ivan	1021016	CARTERA_IDE	2015-07-24	0	0	0	0	0	0	30844	10	1811	0	0	0	0	0	0	0	0	0	2	32667
2310	Cazares Cataño Vera	1021057	CARTERA_IDE	2015-07-24	0	0	0	0	0	0	25953	10	2849	0	0	0	0	0	0	0	0	0	3	28815
2358	Chaparro Maicol Chri	1021004	CARTERA_IDE	2015-07-24	0	0	0	0	0	0	21792	26	2174	0	0	0	0	0	0	0	0	0	3	23995
2228	Chavez Quinones Josu	1021031	CARTERA_IDE	2015-07-24	0	0	0	0	0	0	11592	10	2365	0	0	0	0	0	0	0	0	0	0	13967
2168	Colomo Diaz Ivan	1021046	Cartera Desborde	2015-07-24	22	0	357.6818237	7869	0	0	3082	0	1734	0	0	0	0	0	0	0	47	0	1	12733
2168	Colomo Diaz Ivan	1021046	CARTERA_IDE	2015-07-24	0	0	0	0	0	0	5354	5	0	0	0	0	0	0	0	0	33	0	0	5392
2251	Cordero Marquez Rafa	1021067	CARTERA_IDE	2015-07-24	0	0	0	0	0	0	14680	15	1178	0	0	0	0	0	0	0	0	0	1	15874
2331	Corral Ponce Veronic	1021079	CARTERA_IDE	2015-07-24	0	0	0	0	0	0	29340	10	2015	0	0	0	0	0	767	0	1132	0	5	33269
2106	Cortez Valdez Ivan A	1021013	Cartera Desborde	2015-07-24	27	0	304.2592468	8215	0	0	15589	369	3115	0	0	0	0	0	0	0	0	0	5	27293
2298	De los Angeles Chris	1021029	CARTERA_IDE	2015-07-24	0	0	0	0	0	0	3187	10	0	0	0	0	0	0	0	0	493	0	2	3692
2362	Edgar Silva	1021001	Cartera Desborde	2015-07-24	0	0	0	0	0	0	3194	811	0	0	0	0	0	0	0	0	0	0	2	4007
2010	Escobedo M. Bianca	1021021	Cartera Desborde	2015-07-24	15	0	382.2666626	5734	17	0	1388	0	633	0	0	0	0	0	0	0	0	0	17	7772
2010	Escobedo M. Bianca	1021021	CARTERA_IDE	2015-07-24	0	0	0	0	0	0	7906	5	1683	0	0	0	0	0	0	0	0	0	0	9594
2261	Espinona Quiñones Ar	1021014	CARTERA_IDE	2015-07-24	0	0	0	0	0	0	18965	20	2094	0	0	0	0	0	0	0	0	0	18	21097
2170	Falcon Perez Luis	1021051	Cartera Desborde	2015-07-24	10	0	412.8999939	4129	0	0	9281	5	960	0	0	0	0	0	121	0	0	0	2	14498
2303	Flores Arras Claudia	1021023	CARTERA_IDE	2015-07-24	0	0	0	0	0	0	13909	5	762	0	0	0	0	0	0	0	0	0	2	14678
2172	Flores Murillo Denis	1021054	CARTERA_IDE	2015-07-24	0	0	0	0	0	0	3264	5	0	0	0	0	0	0	0	0	0	0	0	3269
2145	Frías Ruiz José Fran	1021049	Cartera Desborde	2015-07-24	22	0	325.4545593	7160	0	0	13604	5	1837	0	0	0	0	0	0	0	0	0	1	22607
2115	Garcia Urtuzastegui	1021058	CARTERA_IDE	2015-07-24	0	0	0	0	0	0	16585	6	1760	0	0	0	0	0	0	0	0	0	5	18356
2236	Gaytan Gallardo Vict	1021026	CARTERA_IDE	2015-07-24	0	0	0	0	0	0	13093	10	1439	0	0	0	0	0	0	0	0	0	2	14544
2232	Haro Chavez Leslie	1021025	CARTERA_IDE	2015-07-24	0	0	0	0	0	0	20043	5	1523	0	0	0	0	0	77	0	0	0	1	21649
2243	Hernandez Macias Ana	1021044	CARTERA_IDE	2015-07-24	0	0	0	0	0	0	26757	15	1878	0	0	0	0	0	0	0	0	0	2	28652
2252	Hinostroza Diego	1021066	CARTERA_IDE	2015-07-24	0	0	0	0	0	0	15951	11	688	0	0	0	0	0	0	0	0	0	1	16651
2366	Honorato Dominguez S	1021073	CARTERA_IDE	2015-07-24	0	0	0	0	0	0	23144	10	2363	0	0	0	0	0	0	0	0	0	40	25557
2107	Ibarra Enriquez Mari	1021058	CARTERA_IDE	2015-07-24	0	0	0	0	0	0	5317	15	0	0	0	0	0	0	0	0	0	0	3	5335
2350	Jaramillo Flores Ser	1021039	CARTERA_IDE	2015-07-24	0	0	0	0	0	0	15453	10	1045	0	0	0	0	0	0	0	0	0	3	16511
2323	Lara Garcia Teresita	1021047	CARTERA_IDE	2015-07-24	0	0	0	0	0	0	23672	5	1867	0	0	0	0	0	0	0	127	0	2	25673
2194	Leyva Rodriguez Ana	1021012	CARTERA_IDE	2015-07-24	0	0	0	0	0	0	30371	10	732	0	0	0	0	0	0	0	0	0	6	31119
2339	Leyva Rodriguez Serg	1021027	CARTERA_IDE	2015-07-24	0	0	0	0	0	0	24325	27	1688	0	0	0	0	0	0	0	0	0	3	26043
2177	Lopez Garcia Tanya	1021015	CARTERA_IDE	2015-07-24	0	0	0	0	0	0	16006	15	1449	0	0	0	0	0	0	0	0	0	9	17479
2368	Lopez Torres Luis	1021002	CARTERA_IDE	2015-07-24	0	0	0	0	0	0	6709	5	0	0	1527	0	0	0	0	0	0	0	1	8242
2224	Loya Martinez Bannel	1021029	CARTERA_IDE	2015-07-24	0	0	0	0	0	0	13021	5	1124	0	1203	0	0	0	0	0	0	0	0	15353
2278	Macias Jurado Iliana	1021011	CARTERA_IDE	2015-07-24	0	0	0	0	0	0	30772	10	1983	0	0	0	0	0	0	0	0	0	0	32765
2180	Marrufo martinez Cin	1021052	CARTERA_IDE	2015-07-24	0	0	0	0	0	0	8959	7	1615	0	4	0	0	0	0	0	0	0	0	10585
2080	Martinez Maldonado E	1021051	CARTERA_IDE	2015-07-24	0	0	0	0	0	0	5960	286	0	0	0	0	0	0	0	0	0	0	0	6246
2081	Martinez Maldonado P	1021050	CARTERA_IDE	2015-07-24	0	0	0	0	0	0	23191	5	2085	0	0	0	0	0	0	0	0	0	2	25283
2297	Medrano Cordero Daya	1021018	CARTERA_IDE	2015-07-24	0	0	0	0	0	0	25054	26	1836	0	1237	0	0	0	0	0	0	0	1	28154
2301	Melendez Ramirez Nan	1021022	CARTERA_IDE	2015-07-24	0	0	0	0	0	0	18438	10	1080	0	0	0	0	0	0	0	138	0	1	19667
2359	Moreno Hernandez Lui	1021001	CARTERA_IDE	2015-07-24	0	0	0	0	0	0	25388	395	1129	0	0	0	0	0	943	0	0	0	3	27858
2293	Muñoz Acosta Eric	1021007	CARTERA_IDE	2015-07-24	0	0	0	0	0	0	19973	20	1088	0	0	0	0	0	0	0	0	0	14	21095
2361	Murillo Valenzuela A	1021002	CARTERA_IDE	2015-07-24	0	0	0	0	0	0	8707	10	1132	0	0	0	0	0	0	0	0	0	1	9850
2361	Murillo Valenzuela A	1021008	CARTERA_IDE	2015-07-24	0	0	0	0	0	0	17985	10	483	0	0	0	0	0	0	0	0	0	62	18540
2086	Ordonez Grajeda Jose	1021014	Cartera Desborde	2015-07-24	0	0	0	0	0	0	191	5	0	0	0	0	0	0	0	0	0	0	0	196
2086	Ordonez Grajeda Jose	1021014	CARTERA_IDE	2015-07-24	0	0	0	0	0	0	7416	0	0	0	0	0	0	0	0	0	0	0	2	7418
2032	Ortiz Lopez Alejandr	1021048	CARTERA_IDE	2015-07-24	0	0	0	0	0	0	28995	10	2340	0	0	0	0	0	0	0	0	0	2	31347
2364	Ortiz Valenzuela Ces	1021043	CARTERA_IDE	2015-07-24	0	0	0	0	0	0	27605	10	1643	0	0	0	0	0	0	0	0	0	0	29258
2351	Perez Chavarria Gabr	1021005	CARTERA_IDE	2015-07-24	0	0	0	0	0	0	25347	15	2170	0	0	0	0	0	0	0	0	0	2	27534
2351	Perez Chavarria Gabr	1021004	CARTERA_IDE	2015-07-24	0	0	0	0	0	0	239	5	0	0	0	0	0	0	0	0	0	0	1	245
2371	Perez Escobar Ibet	1021036	CARTERA_IDE	2015-07-24	0	0	0	0	0	0	21218	5	1813	0	0	0	0	0	0	0	2500	0	3	25539
2333	Perez Sylva Yazmin	1021056	CARTERA_IDE	2015-07-24	0	0	0	0	0	0	8158	5	829	0	0	0	0	0	0	0	0	0	5	8997
2142	Perez Talamantes Mel	1021028	Cartera Desborde	2015-07-24	0	0	0	0	0	0	431	5	0	0	0	0	0	0	0	0	0	0	0	436
2142	Perez Talamantes Mel	1021028	CARTERA_IDE	2015-07-24	0	0	0	0	0	0	21327	10	2148	0	0	0	0	0	0	0	0	0	4	23489
2015	Porras Varela Ana	1021077	Cartera Desborde	2015-07-24	3	0	516.666687	1550	0	0	6924	17	6	0	0	0	0	0	0	0	0	0	1	8498
2209	Ramirez Martinez Ric	1021051	CARTERA_IDE	2015-07-24	0	0	0	0	0	0	5165	5	0	0	0	0	0	0	0	0	0	0	0	5170
2906	Rascon Tolentino Edg	1021075	Cartera Desborde	2015-07-24	9	0	268.3333435	2415	0	0	4194	20	0	0	0	0	0	0	20	0	0	0	4	6653
2216	Renova Banda Selene	1021066	CARTERA_IDE	2015-07-24	0	0	0	0	0	0	20764	5	1483	0	0	0	0	0	0	0	0	0	0	22252
2367	Reyes Balbuena Alba	1021074	CARTERA_IDE	2015-07-24	0	0	0	0	0	0	22201	5	2217	0	1296	0	0	0	0	0	0	0	3	25722
2235	Rios Cervantes Karin	1021053	CARTERA_IDE	2015-07-24	0	0	0	0	0	0	20158	5	1550	0	0	0	0	0	0	0	0	0	1	21714
2205	Romero Gamboa  Javie	1021071	CARTERA_IDE	2015-07-24	0	0	0	0	0	0	29840	25	2066	0	0	0	0	0	0	0	0	0	2	31933
2363	Ruiz Daniel	1021078	Cartera Desborde	2015-07-24	4	2	361.75	1447	0	0	84	11	0	0	0	0	0	0	0	0	0	0	1	1543
2254	Ruiz Grajeda Sandra	1021023	CARTERA_IDE	2015-07-24	0	0	0	0	0	0	20200	10	1842	0	0	0	0	0	0	0	0	0	31	22083
2160	Salcedo Amezquita Iv	1021068	Cartera Desborde	2015-07-24	0	0	0	0	0	0	26	5	0	0	0	0	0	0	0	0	0	0	0	31
2160	Salcedo Amezquita Iv	1021068	CARTERA_IDE	2015-07-24	0	0	0	0	0	0	22873	10	2082	0	0	0	0	0	0	0	0	0	3	24968
2237	Salinas Gonzalez Dan	1021054	Cartera Desborde	2015-07-24	29	0	305.8965454	8871	0	0	5292	5	950	0	0	0	0	0	0	0	0	0	0	15118
2237	Salinas Gonzalez Dan	1021054	CARTERA_IDE	2015-07-24	0	0	0	0	0	0	9318	5	926	0	0	0	0	0	0	0	0	0	3	10252
2255	Sauzameda Garcia Eve	1021078	CARTERA_IDE	2015-07-24	0	0	0	0	0	0	18824	5	0	0	0	0	0	0	0	0	0	0	4	18833
2294	Soto BustilloTeresa	1021009	CARTERA_IDE	2015-07-24	0	0	0	0	0	0	30519	10	1949	0	0	0	0	0	0	0	0	0	2	32480
2337	Torres Madrigal Nidi	1021022	CARTERA_IDE	2015-07-24	0	0	0	0	0	0	15325	219	2206	0	0	0	0	0	0	0	340	0	0	18090
2052	Uribe Moya Miguel	1021013	CARTERA_IDE	2015-07-24	0	0	0	0	0	0	13559	5	788	0	0	0	0	0	0	0	0	0	1	14353
2266	Vazquez Contreras Ju	1021052	CARTERA_IDE	2015-07-24	0	0	0	0	0	0	30238	10	1887	0	0	0	0	0	0	0	0	0	10	32145
2267	Villalba Grimaldo Ge	1021019	CARTERA_IDE	2015-07-24	0	0	0	0	0	0	15207	15	2394	0	0	0	0	0	0	0	0	0	1	17617
2117	Zavala Velazquillo A	1021003	CARTERA_IDE	2015-07-24	0	0	0	0	0	0	8615	5	563	0	0	0	0	0	0	0	0	0	0	9183
2326	Zubia Ballesteros Yo	1021056	CARTERA_IDE	2015-07-24	0	0	0	0	0	0	15188	10	471	0	0	0	0	0	0	0	0	0	4	15673
