2391	Almora Hernandez Dam	1021058	CARTERA_IDE	2015-08-25	0	0	0	0	0	0	19913	49	3963	0	2056	4456	0	0	0	0	0	0	14	30451
2391	Almora Hernandez Dam	1021053	CARTERA_IDE	2015-08-26	0	0	0	0	0	0	29983	27	1517	0	0	0	0	0	0	0	0	0	95	31622
2391	Almora Hernandez Dam	1021050	CARTERA_IDE	2015-08-27	0	0	0	0	0	0	25647	39	5325	0	0	0	0	0	0	1	0	0	0	31012
2391	Almora Hernandez Dam	1021051	CARTERA_IDE	2015-08-28	0	0	0	0	0	0	26344	247	1755	0	0	0	0	0	0	0	0	0	4	28350
2394	Ballesteros Medina E	1021035	CARTERA_IDE	2015-08-26	0	0	0	0	0	0	31276	14	1757	0	445	0	0	0	0	0	0	0	2	33494
2394	Ballesteros Medina E	1021033	CARTERA_IDE	2015-08-27	0	0	0	0	0	0	21835	15	1836	0	0	0	0	0	0	0	0	0	2	23688
2394	Ballesteros Medina E	1021035	CARTERA_IDE	2015-08-28	0	0	0	0	0	0	30694	15	977	0	0	0	0	0	62	0	0	0	0	31748
2370	Banuelos Barrera Dan	1021036	CARTERA_IDE	2015-08-25	0	0	0	0	0	0	23084	10	2135	0	0	0	0	0	0	0	0	0	0	25229
2370	Banuelos Barrera Dan	1021039	CARTERA_IDE	2015-08-26	0	0	0	0	0	0	29644	29	2097	0	595	0	0	0	0	0	0	0	4	32369
2370	Banuelos Barrera Dan	1021036	CARTERA_IDE	2015-08-27	0	0	0	0	0	0	25786	20	2273	0	0	0	0	0	0	0	0	0	8	28087
2370	Banuelos Barrera Dan	1021036	CARTERA_IDE	2015-08-28	0	0	0	0	0	0	22517	15	2216	0	0	0	0	0	283	0	0	0	1	25032
2202	Bencomo Lujan Jose	1021041	CARTERA_IDE	2015-08-25	0	0	0	0	0	0	13932	5	2324	0	0	0	0	0	0	0	0	0	0	16261
2202	Bencomo Lujan Jose	1021060	CARTERA_IDE	2015-08-26	0	0	0	0	0	0	12572	10	1454	0	0	0	0	0	0	0	0	0	4	14040
2202	Bencomo Lujan Jose	1021040	CARTERA_IDE	2015-08-27	0	0	0	0	0	0	13789	10	1728	0	285	0	0	0	0	466	0	0	1	16279
2202	Bencomo Lujan Jose	1021034	CARTERA_IDE	2015-08-29	0	0	0	0	0	0	8126	5	1406	0	4315	0	0	0	0	0	0	0	0	13852
2202	Bencomo Lujan Jose	1021047	CARTERA_IDE	2015-08-30	0	0	0	0	0	0	2812	5	0	0	0	0	0	0	0	0	0	0	1	2818
2376	Blanco Amesquita Dan	1021053	CARTERA_IDE	2015-08-25	0	0	0	0	0	0	30059	13	2032	0	0	569	0	0	0	0	0	0	10	32683
2376	Blanco Amesquita Dan	1021052	CARTERA_IDE	2015-08-27	0	0	0	0	0	0	29297	1106	1822	0	0	0	0	0	0	320	0	0	1	32546
2376	Blanco Amesquita Dan	1021053	CARTERA_IDE	2015-08-28	0	0	0	0	0	0	31661	15	1619	0	0	0	0	0	0	0	0	0	1	33296
2049	Cano Saenz Sarai	1021054	Cartera Desborde	2015-08-25	16	0	330.4375	5287	0	0	3651	10	921	0	0	0	0	0	0	0	0	0	3	9872
2049	Cano Saenz Sarai	1021054	CARTERA_IDE	2015-08-25	0	0	0	0	0	0	1704	5	0	0	0	0	0	0	0	0	0	0	0	1709
2049	Cano Saenz Sarai	1021054	Cartera Desborde	2015-08-26	4	0	345.75	1383	0	0	4196	7	1197	0	0	0	0	0	0	0	0	0	0	6783
2049	Cano Saenz Sarai	1021054	CARTERA_IDE	2015-08-26	0	0	0	0	0	0	14245	20	0	0	0	0	0	0	0	0	0	0	5	14270
2049	Cano Saenz Sarai	1021048	Cartera Desborde	2015-08-27	6	0	475.6666565	2854	0	0	5680	19	1013	0	0	0	0	0	0	400	0	0	3	9969
2049	Cano Saenz Sarai	1021041	CARTERA_IDE	2015-08-27	0	0	0	0	0	0	4131	10	0	0	0	0	0	0	0	0	0	0	1	4142
2049	Cano Saenz Sarai	1021045	Cartera Desborde	2015-08-28	26	1	352.115387	9155	0	0	13256	23	1678	0	604	0	0	0	0	0	0	0	2	24718
2049	Cano Saenz Sarai	1021054	Cartera Desborde	2015-08-29	0	0	0	0	0	0	191	5	0	0	0	0	0	0	0	0	0	0	0	196
2049	Cano Saenz Sarai	1021046	CARTERA_IDE	2015-08-29	0	0	0	0	0	0	11500	10	1353	0	0	0	0	0	0	0	0	0	2	12865
2314	Castillo Ruiz Ivan	1021016	CARTERA_IDE	2015-08-25	0	0	0	0	0	0	29000	15	1816	0	0	0	0	0	1941	0	0	0	2	32774
2314	Castillo Ruiz Ivan	1021015	CARTERA_IDE	2015-08-26	0	0	0	0	0	0	30815	10	1807	0	0	0	0	0	0	0	0	0	6	32638
2314	Castillo Ruiz Ivan	1021014	CARTERA_IDE	2015-08-27	0	0	0	0	0	0	29658	16	1841	0	422	0	0	0	0	507	165	0	2	32611
2314	Castillo Ruiz Ivan	1021016	CARTERA_IDE	2015-08-28	0	0	0	0	0	0	13607	5	942	0	0	0	0	0	0	0	0	0	1	14555
2365	Chacon Arzaga Josue	1021039	CARTERA_IDE	2015-08-25	0	0	0	0	0	0	20495	18	955	0	946	0	0	0	0	0	0	0	1	22415
2365	Chacon Arzaga Josue	1021036	CARTERA_IDE	2015-08-26	0	0	0	0	0	0	29747	10	1854	0	1058	0	0	0	0	0	0	0	2	32671
2365	Chacon Arzaga Josue	1021040	CARTERA_IDE	2015-08-28	0	0	0	0	0	0	26492	10	1865	0	0	0	0	0	404	0	0	0	3	28774
2319	Chacon Reyes Rocio	1021009	CARTERA_IDE	2015-08-25	0	0	0	0	0	0	27126	15	1775	0	230	0	0	0	0	0	0	0	4	29150
2319	Chacon Reyes Rocio	1021009	CARTERA_IDE	2015-08-26	0	0	0	0	0	0	5283	10	69	0	0	0	0	0	0	0	0	0	2	5364
2358	Chaparro Maicol Chri	1021003	CARTERA_IDE	2015-08-25	0	0	0	0	0	0	2939	5	0	0	0	0	0	0	0	0	0	0	1	2945
2358	Chaparro Maicol Chri	1021003	CARTERA_IDE	2015-08-27	0	0	0	0	0	0	23838	10	1715	0	665	0	0	0	0	0	0	0	3	26231
2358	Chaparro Maicol Chri	1021002	CARTERA_IDE	2015-08-28	0	0	0	0	0	0	30798	10	1979	0	0	0	0	0	0	0	0	0	2	32789
2228	Chavez Quinones Josu	1021029	CARTERA_IDE	2015-08-25	0	0	0	0	0	0	6828	10	1776	0	0	0	0	0	0	0	0	0	0	8614
2228	Chavez Quinones Josu	1021031	CARTERA_IDE	2015-08-26	0	0	0	0	0	0	28552	15	2572	0	0	0	0	0	0	0	351	0	0	31490
2228	Chavez Quinones Josu	1021031	CARTERA_IDE	2015-08-27	0	0	0	0	0	0	18658	10	4526	0	0	0	0	0	0	0	0	0	0	23194
2228	Chavez Quinones Josu	1021031	CARTERA_IDE	2015-08-28	0	0	0	0	0	0	28330	25	2325	0	0	0	0	0	0	0	0	0	0	30680
2352	Chavez Solis Linda	1021003	CARTERA_IDE	2015-08-25	0	0	0	0	0	0	10911	5	905	0	0	0	0	0	0	0	0	0	2	11823
2352	Chavez Solis Linda	1021005	CARTERA_IDE	2015-08-25	0	0	0	0	0	0	17464	5	1148	0	0	0	0	0	1977	0	0	0	3	20597
2352	Chavez Solis Linda	1021003	CARTERA_IDE	2015-08-26	0	0	0	0	0	0	26401	15	1600	0	0	0	0	0	0	0	0	0	12	28028
2352	Chavez Solis Linda	1021002	CARTERA_IDE	2015-08-27	0	0	0	0	0	0	29107	387	2018	0	429	0	0	0	0	290	0	0	9	32240
2146	Chavira Sifuentes Cr	1021022	Cartera Desborde	2015-08-26	27	4	254.5185242	6872	0	0	5638	5	625	0	0	0	0	0	0	0	0	0	3	13143
2146	Chavira Sifuentes Cr	1021022	CARTERA_IDE	2015-08-26	0	0	0	0	0	0	14806	10	522	0	0	0	0	0	0	0	0	0	0	15338
2146	Chavira Sifuentes Cr	1021022	Cartera Desborde	2015-08-27	0	0	0	0	0	0	0	207	0	0	0	0	0	0	0	0	0	0	0	207
2146	Chavira Sifuentes Cr	1021022	CARTERA_IDE	2015-08-27	0	0	0	0	0	0	26922	15	1935	0	402	0	0	0	0	0	0	0	3	29277
2146	Chavira Sifuentes Cr	1021022	CARTERA_IDE	2015-08-28	0	0	0	0	0	0	27697	10	1438	0	0	0	0	0	0	0	0	0	1	29146
2168	Colomo Diaz Ivan	1021046	Cartera Desborde	2015-08-25	20	0	355.8500061	7117	0	0	2979	18	890	0	0	0	0	0	0	0	23	0	0	11028
2168	Colomo Diaz Ivan	1021049	Cartera Desborde	2015-08-26	0	0	0	0	0	0	223	5	0	0	0	0	0	0	0	0	0	0	0	228
2168	Colomo Diaz Ivan	1021049	CARTERA_IDE	2015-08-26	0	0	0	0	0	0	7435	0	0	0	0	0	0	0	0	0	0	0	1	7436
2168	Colomo Diaz Ivan	1021054	CARTERA_IDE	2015-08-27	0	0	0	0	0	0	13963	5	959	0	0	0	0	0	0	0	35	0	0	14962
2168	Colomo Diaz Ivan	1021049	Cartera Desborde	2015-08-28	19	0	393.6842041	7480	0	0	4536	0	0	0	13	0	0	0	868	0	1	0	0	12898
2168	Colomo Diaz Ivan	1021049	CARTERA_IDE	2015-08-28	0	0	0	0	0	0	4885	5	1316	0	719	0	0	0	0	0	21	0	0	6946
2168	Colomo Diaz Ivan	1021046	Cartera Desborde	2015-08-29	4	0	240.25	961	0	0	15100	15	1625	0	0	0	0	0	0	0	0	0	5	17706
2251	Cordero Marquez Rafa	1021064	Cartera Desborde	2015-08-25	38	0	421.9736938	16035	0	0	10591	20	2060	0	0	0	0	0	3131	0	14	0	0	31851
2251	Cordero Marquez Rafa	1021064	Cartera Desborde	2015-08-26	44	0	469.5681763	20661	0	0	5476	10	2450	0	0	0	0	0	0	0	0	0	0	28597
2251	Cordero Marquez Rafa	1021064	CARTERA_IDE	2015-08-26	0	0	0	0	0	0	3660	0	1	0	0	0	0	0	0	0	0	0	0	3661
2251	Cordero Marquez Rafa	1021043	CARTERA_IDE	2015-08-27	0	0	0	0	0	0	11905	25	1067	0	276	0	0	0	0	0	0	0	2	13275
2251	Cordero Marquez Rafa	1021043	Cartera Desborde	2015-08-28	6	0	497.6666565	2986	0	0	2430	0	6	0	0	0	0	0	0	0	0	0	0	5422
2251	Cordero Marquez Rafa	1021043	CARTERA_IDE	2015-08-28	0	0	0	0	0	0	7801	10	1012	0	0	0	0	0	0	0	0	0	0	8823
2251	Cordero Marquez Rafa	1021029	Cartera Desborde	2015-08-29	0	0	0	0	0	0	21	5	0	0	0	0	0	0	0	0	0	0	0	26
2251	Cordero Marquez Rafa	1021029	CARTERA_IDE	2015-08-29	0	0	0	0	0	0	12944	10	1234	0	0	0	0	0	0	0	0	0	1	14189
2331	Corral Ponce Veronic	1021060	CARTERA_IDE	2015-08-25	0	0	0	0	0	0	11527	15	1431	0	0	0	0	0	1426	0	0	0	6	14405
2331	Corral Ponce Veronic	1021058	CARTERA_IDE	2015-08-26	0	0	0	0	0	0	16291	10	1266	0	0	0	0	0	0	0	0	0	1	17568
2331	Corral Ponce Veronic	1021060	CARTERA_IDE	2015-08-27	0	0	0	0	0	0	16261	10	1266	0	0	0	0	0	0	802	0	0	1	18340
2331	Corral Ponce Veronic	1021060	CARTERA_IDE	2015-08-28	0	0	0	0	0	0	15589	15	1197	0	1032	0	0	0	0	60	0	0	1	17894
2331	Corral Ponce Veronic	1021054	CARTERA_IDE	2015-08-30	0	0	0	0	0	0	19705	10	1552	0	0	0	0	0	0	0	0	0	2	21269
2106	Cortez Valdez Ivan A	1021074	CARTERA_IDE	2015-08-25	0	0	0	0	0	0	13657	10	892	0	0	0	0	0	0	0	0	0	0	14559
2106	Cortez Valdez Ivan A	1021059	Cartera Desborde	2015-08-26	3	1	326.6666565	980	0	0	7892	189	902	0	0	0	0	0	0	0	0	0	0	9963
2106	Cortez Valdez Ivan A	1021059	CARTERA_IDE	2015-08-26	0	0	0	0	0	0	0	39	0	0	0	0	0	0	0	0	0	0	0	39
2298	De los Angeles Chris	1021031	CARTERA_IDE	2015-08-25	0	0	0	0	0	0	9770	15	0	0	0	0	0	0	0	0	0	0	4	9789
2298	De los Angeles Chris	1021032	CARTERA_IDE	2015-08-25	0	0	0	0	0	0	7081	15	1141	0	0	0	0	0	0	0	0	0	4	8241
2298	De los Angeles Chris	1021032	CARTERA_IDE	2015-08-26	0	0	0	0	0	0	26687	40	2381	0	626	0	0	0	0	0	0	0	22	29756
2298	De los Angeles Chris	1021032	CARTERA_IDE	2015-08-27	0	0	0	0	0	0	12826	15	1185	0	0	0	0	0	0	0	0	0	9	14035
2298	De los Angeles Chris	1021032	CARTERA_IDE	2015-08-28	0	0	0	0	0	0	17179	30	1116	0	1008	0	0	0	0	0	0	0	20	19353
2268	Diaz Rivera Itzel	1021067	CARTERA_IDE	2015-08-25	0	0	0	0	0	0	8093	6	1364	0	0	0	0	0	1213	0	0	0	1	10677
2268	Diaz Rivera Itzel	1021050	CARTERA_IDE	2015-08-28	0	0	0	0	0	0	15923	20	1397	0	671	0	0	0	0	144	0	0	4	18159
2268	Diaz Rivera Itzel	1021039	CARTERA_IDE	2015-08-29	0	0	0	0	0	0	12835	15	1203	0	0	0	0	0	0	0	0	0	2	14055
2268	Diaz Rivera Itzel	1021046	CARTERA_IDE	2015-08-30	0	0	0	0	0	0	9375	10	1494	0	0	0	0	0	0	0	0	0	1	10880
2125	Dominguez Alarcon Is	1021040	CARTERA_IDE	2015-08-25	0	0	0	0	0	0	4841	5	1470	0	0	0	0	0	0	0	0	0	0	6316
2125	Dominguez Alarcon Is	1021056	CARTERA_IDE	2015-08-26	0	0	0	0	0	0	13121	15	1196	0	0	0	0	0	0	0	0	0	0	14332
2125	Dominguez Alarcon Is	1021056	CARTERA_IDE	2015-08-28	0	0	0	0	0	0	13151	10	1021	0	295	0	0	0	0	0	0	0	3	14480
2125	Dominguez Alarcon Is	1021046	CARTERA_IDE	2015-08-30	0	0	0	0	0	0	9408	10	0	0	0	0	0	0	0	0	0	0	2	9420
2010	Escobedo M. Bianca	1021009	CARTERA_IDE	2015-08-25	0	0	0	0	0	0	17204	5	2047	425	652	0	0	0	0	0	0	0	0	20333
2010	Escobedo M. Bianca	1021009	CARTERA_IDE	2015-08-26	0	0	0	0	0	0	19287	5	2345	0	0	0	0	0	463	0	0	0	0	22100
2010	Escobedo M. Bianca	1021014	CARTERA_IDE	2015-08-27	0	0	0	0	0	0	19355	5	1776	0	752	0	0	0	102	0	0	0	0	21990
2010	Escobedo M. Bianca	1021014	CARTERA_IDE	2015-08-28	0	0	0	0	0	0	19182	10	2207	0	0	0	0	0	0	0	295	0	0	21694
2383	Estrada Mujica Aleja	1021044	CARTERA_IDE	2015-08-25	0	0	0	0	0	0	24515	10	1757	0	0	4058	0	0	2679	0	0	0	5	33024
2383	Estrada Mujica Aleja	1021044	CARTERA_IDE	2015-08-27	0	0	0	0	0	0	30302	10	1960	0	0	0	0	0	0	468	0	0	9	32749
2383	Estrada Mujica Aleja	1021044	CARTERA_IDE	2015-08-28	0	0	0	0	0	0	30059	10	1972	0	554	0	0	0	0	0	0	0	4	32599
2170	Falcon Perez Luis	1021052	CARTERA_IDE	2015-08-25	0	0	0	0	0	0	16855	5	1350	0	0	0	0	0	0	0	0	0	1	18211
2170	Falcon Perez Luis	1021048	Cartera Desborde	2015-08-26	1	0	489	489	0	0	0	0	0	0	0	0	0	0	0	0	0	0	0	489
2170	Falcon Perez Luis	1021048	CARTERA_IDE	2015-08-26	0	0	0	0	0	0	15697	15	1197	0	451	0	0	0	0	0	0	0	1	17361
2170	Falcon Perez Luis	1021047	CARTERA_IDE	2015-08-27	0	0	0	0	0	0	16148	10	1287	0	0	0	0	0	0	0	0	0	0	17445
2170	Falcon Perez Luis	1021027	CARTERA_IDE	2015-08-28	0	0	0	0	0	0	18334	15	1214	0	0	0	0	0	0	51	0	0	1	19615
2169	Fierro Alvarado Karl	1021051	Cartera Desborde	2015-08-25	1	0	844	844	0	0	414	3	1	0	0	0	0	0	0	0	0	0	0	1262
2169	Fierro Alvarado Karl	1021051	CARTERA_IDE	2015-08-25	0	0	0	0	0	0	20293	45	1906	0	0	0	0	0	0	0	0	0	2	22246
2169	Fierro Alvarado Karl	1021054	Cartera Desborde	2015-08-27	6	0	432.8333435	2597	0	0	6012	0	1385	0	0	0	0	0	0	0	0	0	1	9995
2169	Fierro Alvarado Karl	1021054	CARTERA_IDE	2015-08-27	0	0	0	0	0	0	9231	5	28	0	715	0	0	0	0	0	0	0	0	9979
2169	Fierro Alvarado Karl	1021048	Cartera Desborde	2015-08-28	0	0	0	0	0	0	81	303	0	0	0	0	0	0	0	0	0	0	1	385
2169	Fierro Alvarado Karl	1021048	CARTERA_IDE	2015-08-28	0	0	0	0	0	0	5026	0	1	0	0	0	0	0	0	52	0	0	0	5079
2156	Figueroa Marrufo Adr	1021068	CARTERA_IDE	2015-08-25	0	0	0	0	0	0	10381	5	1097	0	180	0	0	0	2973	0	0	0	2	14638
2156	Figueroa Marrufo Adr	1021043	CARTERA_IDE	2015-08-26	0	0	0	0	0	0	17568	10	1267	0	0	0	0	0	0	0	0	0	2	18847
2156	Figueroa Marrufo Adr	1021064	CARTERA_IDE	2015-08-27	0	0	0	0	0	0	17949	5	1216	0	0	0	0	0	0	0	0	0	1	19171
2156	Figueroa Marrufo Adr	1021064	CARTERA_IDE	2015-08-28	0	0	0	0	0	0	13525	5	1186	0	565	0	0	0	0	0	0	0	1	15282
2156	Figueroa Marrufo Adr	1021047	CARTERA_IDE	2015-08-29	0	0	0	0	0	0	13484	5	944	0	0	0	0	0	0	0	0	0	2	14435
2303	Flores Arras Claudia	1021078	CARTERA_IDE	2015-08-25	0	0	0	0	0	0	24669	10	1917	0	0	0	0	0	1653	0	408	0	3	28660
2384	Flores Heredia Keyla	1021065	CARTERA_IDE	2015-08-25	0	0	0	0	0	0	18573	5	924	0	0	0	0	0	2633	0	0	0	3	22138
2384	Flores Heredia Keyla	1021065	CARTERA_IDE	2015-08-26	0	0	0	0	0	0	21029	422	586	0	0	0	0	0	0	0	0	0	2	22039
2384	Flores Heredia Keyla	1021065	CARTERA_IDE	2015-08-27	0	0	0	0	0	0	21664	5	1062	0	0	0	0	0	0	0	0	0	2	22733
2384	Flores Heredia Keyla	1021068	CARTERA_IDE	2015-08-28	0	0	0	0	0	0	18750	15	1053	0	1386	0	0	0	0	0	0	0	5	21209
2384	Flores Heredia Keyla	1021059	CARTERA_IDE	2015-08-29	0	0	0	0	0	0	18169	5	0	0	0	0	0	0	0	0	0	0	3	18177
2172	Flores Murillo Denis	1021046	Cartera Desborde	2015-08-25	11	1	181.3636322	1995	0	0	607	5	987	0	0	0	0	0	0	0	0	0	5	3599
2172	Flores Murillo Denis	1021046	CARTERA_IDE	2015-08-25	0	0	0	0	0	0	7140	0	2	0	0	0	0	0	0	0	0	0	0	7142
2172	Flores Murillo Denis	1021046	Cartera Desborde	2015-08-26	28	3	457.3214417	12805	0	0	1976	17	1042	0	0	0	0	0	0	0	0	0	0	15840
2172	Flores Murillo Denis	1021049	Cartera Desborde	2015-08-27	16	1	403.0625	6449	0	0	6599	5	1071	0	0	0	0	0	0	0	0	0	5	14129
2172	Flores Murillo Denis	1021049	CARTERA_IDE	2015-08-27	0	0	0	0	0	0	15590	15	1053	0	0	0	0	0	972	0	0	0	2	17632
2172	Flores Murillo Denis	1021046	Cartera Desborde	2015-08-28	24	2	389.6666565	9352	0	0	9892	15	1232	0	839	0	0	0	0	0	0	0	9	21339
2172	Flores Murillo Denis	1021045	Cartera Desborde	2015-08-29	0	0	0	0	0	0	70	5	0	0	0	0	0	0	0	0	0	0	0	75
2172	Flores Murillo Denis	1021045	CARTERA_IDE	2015-08-29	0	0	0	0	0	0	8788	5	959	0	0	0	0	0	0	0	0	0	0	9752
2145	Frías Ruiz José Fran	1021048	Cartera Desborde	2015-08-27	8	0	342	2736	0	0	4587	0	701	0	0	0	0	0	0	0	0	0	0	8024
2145	Frías Ruiz José Fran	1021048	CARTERA_IDE	2015-08-27	0	0	0	0	0	0	16476	10	1153	0	1113	0	0	0	798	0	2612	0	0	22162
2145	Frías Ruiz José Fran	1021049	Cartera Desborde	2015-08-29	6	0	265.3333435	1592	0	0	19562	5	1195	0	0	0	0	0	0	0	0	0	1	22355
2372	Garcia Ortiz Ever	1021045	CARTERA_IDE	2015-08-25	0	0	0	0	0	0	19978	439	1707	0	0	0	0	0	0	0	0	0	0	22124
2372	Garcia Ortiz Ever	1021045	CARTERA_IDE	2015-08-26	0	0	0	0	0	0	20510	569	1313	0	0	0	0	0	0	0	0	0	1	22393
2372	Garcia Ortiz Ever	1021045	CARTERA_IDE	2015-08-27	0	0	0	0	0	0	28574	231	2365	0	0	0	0	0	761	612	0	0	2	32545
2372	Garcia Ortiz Ever	1021047	CARTERA_IDE	2015-08-28	0	0	0	0	0	0	15720	496	1488	0	0	0	0	0	316	0	0	0	0	18020
2072	Garcia Urtuzuastegui	1021056	CARTERA_IDE	2015-08-25	0	0	0	0	0	0	12971	5	1221	0	712	0	0	0	0	0	0	0	0	14909
2072	Garcia Urtuzuastegui	1021062	CARTERA_IDE	2015-08-27	0	0	0	0	0	0	12362	10	1011	0	0	0	0	0	548	0	0	0	4	13935
2072	Garcia Urtuzuastegui	1021053	Cartera Desborde	2015-08-29	0	0	0	0	0	0	38	0	0	0	0	0	0	0	0	0	0	0	0	38
2072	Garcia Urtuzuastegui	1021053	CARTERA_IDE	2015-08-29	0	0	0	0	0	0	19636	10	1633	0	0	0	0	0	0	0	0	0	3	21282
2072	Garcia Urtuzuastegui	1021049	Cartera Desborde	2015-08-30	1	0	1075	1075	0	0	16674	10	1294	0	0	0	0	0	0	0	0	0	7	19060
2072	Garcia Urtuzuastegui	1021049	CARTERA_IDE	2015-08-30	0	0	0	0	0	0	1770	5	0	0	0	0	0	0	0	0	0	0	0	1775
2236	Gaytan Gallardo Vict	1021031	CARTERA_IDE	2015-08-25	0	0	0	0	0	0	15205	13	1320	0	381	0	0	0	0	0	0	0	4	16923
2236	Gaytan Gallardo Vict	1021011	CARTERA_IDE	2015-08-27	0	0	0	0	0	0	19315	15	1014	0	0	0	0	0	0	448	0	0	0	20792
2236	Gaytan Gallardo Vict	1021017	CARTERA_IDE	2015-08-28	0	0	0	0	0	0	11301	5	1204	0	0	0	0	0	0	0	0	0	0	12510
2327	Gonzalez Gonzalez Na	1021072	CARTERA_IDE	2015-08-25	0	0	0	0	0	0	19161	30	2237	0	0	0	0	0	1614	0	0	0	9	23051
2386	Grajeda Favela Jesus	1021070	CARTERA_IDE	2015-08-25	0	0	0	0	0	0	18304	1642	2175	0	0	3777	0	0	3114	0	0	0	5	29017
2386	Grajeda Favela Jesus	1021070	CARTERA_IDE	2015-08-26	0	0	0	0	0	0	30223	11	5895	0	0	0	0	0	0	0	0	0	9	36138
2386	Grajeda Favela Jesus	1021070	CARTERA_IDE	2015-08-28	0	0	0	0	0	0	29304	10	1818	0	1244	0	0	0	0	0	0	0	10	32386
2232	Haro Chavez Leslie	1021022	CARTERA_IDE	2015-08-25	0	0	0	0	0	0	20197	10	2122	0	186	0	0	0	2192	0	0	0	1	24708
2232	Haro Chavez Leslie	1021024	CARTERA_IDE	2015-08-27	0	0	0	0	0	0	16353	5	1323	0	321	0	0	0	148	0	0	0	1	18151
2243	Hernandez Macias Ana	1021065	CARTERA_IDE	2015-08-25	0	0	0	0	0	0	1075	6	0	0	0	0	0	0	0	0	0	0	1	1082
2243	Hernandez Macias Ana	1021067	CARTERA_IDE	2015-08-25	0	0	0	0	0	0	21226	15	1804	0	280	0	0	0	1903	0	0	0	1	25229
2243	Hernandez Macias Ana	1021044	CARTERA_IDE	2015-08-26	0	0	0	0	0	0	26967	10	1778	0	0	0	0	0	0	0	123	0	1	28879
2243	Hernandez Macias Ana	1021070	CARTERA_IDE	2015-08-27	0	0	0	0	0	0	19654	15	1837	0	0	0	0	0	0	0	0	0	0	21506
2243	Hernandez Macias Ana	1021065	CARTERA_IDE	2015-08-28	0	0	0	0	0	0	23565	10	1770	0	253	0	0	0	0	0	0	0	0	25598
2387	Hernandez Ramirez Ga	1021029	CARTERA_IDE	2015-08-25	0	0	0	0	0	0	13155	32	1107	0	0	941	0	0	0	0	0	0	1	15236
2387	Hernandez Ramirez Ga	1021047	CARTERA_IDE	2015-08-26	0	0	0	0	0	0	16054	462	1096	0	0	0	0	0	543	0	0	0	3	18158
2387	Hernandez Ramirez Ga	1021046	CARTERA_IDE	2015-08-27	0	0	0	0	0	0	16907	5	1164	0	0	0	0	0	0	0	0	0	17	18093
2387	Hernandez Ramirez Ga	1021028	CARTERA_IDE	2015-08-28	0	0	0	0	0	0	22963	5	1581	0	714	0	0	0	128	50	0	0	2	25443
2252	Hinostroza Diego	1021059	Cartera Desborde	2015-08-27	0	0	0	0	0	0	784	5	0	0	0	0	0	0	0	0	0	0	1	790
2252	Hinostroza Diego	1021059	CARTERA_IDE	2015-08-27	0	0	0	0	0	0	11587	5	1174	0	0	0	0	0	0	91	0	0	1	12858
2252	Hinostroza Diego	1021062	CARTERA_IDE	2015-08-28	0	0	0	0	0	0	14881	10	1291	0	184	0	0	0	0	230	0	0	2	16598
2252	Hinostroza Diego	1021036	CARTERA_IDE	2015-08-29	0	0	0	0	0	0	11933	5	1824	0	0	0	0	0	0	0	0	0	1	13763
2252	Hinostroza Diego	1021050	CARTERA_IDE	2015-08-30	0	0	0	0	0	0	11288	10	1390	0	0	0	0	0	0	0	0	0	8	12696
2107	Ibarra Enriquez Mari	1021057	CARTERA_IDE	2015-08-25	0	0	0	0	0	0	10150	5	970	0	209	0	0	0	3022	0	0	0	1	14357
2107	Ibarra Enriquez Mari	1021051	CARTERA_IDE	2015-08-26	0	0	0	0	0	0	30312	10	2003	0	378	0	0	0	0	0	0	0	3	32706
2107	Ibarra Enriquez Mari	1021057	CARTERA_IDE	2015-08-27	0	0	0	0	0	0	23939	5	1783	0	0	0	0	0	0	0	0	0	1	25728
2107	Ibarra Enriquez Mari	1021057	CARTERA_IDE	2015-08-28	0	0	0	0	0	0	20597	5	1214	0	0	0	0	0	0	0	0	0	1	21817
2350	Jaramillo Flores Ser	1021031	CARTERA_IDE	2015-08-25	0	0	0	0	0	0	8001	11	0	0	336	0	0	0	0	0	0	1	0	8349
2350	Jaramillo Flores Ser	1021040	CARTERA_IDE	2015-08-26	0	0	0	0	0	0	27507	25	3244	0	0	0	0	0	0	0	0	0	0	30776
2350	Jaramillo Flores Ser	1021039	CARTERA_IDE	2015-08-28	0	0	0	0	0	0	27375	20	2860	0	0	0	0	0	653	0	0	0	3	30911
2229	Lara Clift Sylvia	1021024	CARTERA_IDE	2015-08-25	0	0	0	0	0	0	8004	5	918	0	544	0	0	0	0	0	0	0	2	9473
2229	Lara Clift Sylvia	1021023	CARTERA_IDE	2015-08-26	0	0	0	0	0	0	22890	5	2506	0	0	0	0	0	0	0	0	0	1	25402
2229	Lara Clift Sylvia	1021023	CARTERA_IDE	2015-08-27	0	0	0	0	0	0	21741	5	2681	0	859	0	0	0	0	0	0	0	2	25288
2323	Lara Garcia Teresita	1021049	Cartera Desborde	2015-08-25	31	1	398.1290283	12342	0	0	4979	15	943	0	0	0	0	0	0	0	0	0	0	18279
2323	Lara Garcia Teresita	1021049	CARTERA_IDE	2015-08-25	0	0	0	0	0	0	8145	0	875	0	494	0	0	0	0	0	0	0	0	9514
2323	Lara Garcia Teresita	1021049	Cartera Desborde	2015-08-26	41	1	437.4634094	17936	0	0	5380	10	2062	0	0	0	0	0	0	0	0	0	5	25393
2323	Lara Garcia Teresita	1021049	CARTERA_IDE	2015-08-26	0	0	0	0	0	0	5410	10	0	0	504	0	0	0	0	0	0	0	8	5932
2323	Lara Garcia Teresita	1021054	Cartera Desborde	2015-08-28	4	0	371	1484	0	0	1111	5	0	0	0	0	0	0	0	0	0	0	0	2600
2323	Lara Garcia Teresita	1021054	CARTERA_IDE	2015-08-28	0	0	0	0	0	0	25245	10	2063	0	0	0	0	0	0	0	0	0	15	27333
2194	Leyva Rodriguez Ana	1021013	CARTERA_IDE	2015-08-25	0	0	0	0	0	0	29898	15	479	0	0	0	0	0	0	0	0	0	3	30395
2194	Leyva Rodriguez Ana	1021011	CARTERA_IDE	2015-08-26	0	0	0	0	0	0	28174	15	696	0	860	0	0	0	0	0	0	0	10	29755
2194	Leyva Rodriguez Ana	1021012	CARTERA_IDE	2015-08-27	0	0	0	0	0	0	28088	10	1388	0	423	0	0	0	0	883	0	0	3	30795
2194	Leyva Rodriguez Ana	1021012	CARTERA_IDE	2015-08-28	0	0	0	0	0	0	29764	10	475	0	0	0	0	0	0	0	0	0	4	30253
2339	Leyva Rodriguez Serg	1021029	CARTERA_IDE	2015-08-26	0	0	0	0	0	0	28883	20	1984	0	586	0	0	0	0	0	0	0	3	31476
2339	Leyva Rodriguez Serg	1021029	CARTERA_IDE	2015-08-27	0	0	0	0	0	0	27319	20	1863	0	0	0	0	0	0	403	0	0	1	29606
2339	Leyva Rodriguez Serg	1021029	Cartera Desborde	2015-08-28	15	1	685.2000122	10278	0	0	6396	10	1157	0	673	0	0	0	0	0	0	0	60	18574
2339	Leyva Rodriguez Serg	1021029	CARTERA_IDE	2015-08-28	0	0	0	0	0	0	8683	20	900	0	0	0	0	0	0	0	0	0	7	9610
2339	Leyva Rodriguez Serg	1021032	CARTERA_IDE	2015-08-28	0	0	0	0	0	0	4002	5	0	0	0	0	0	0	0	0	0	0	0	4007
2385	Lira Torres Adriana	1021028	Cartera Desborde	2015-08-25	12	0	577.25	6927	0	0	3434	0	0	0	0	0	0	0	0	0	0	0	0	10361
2385	Lira Torres Adriana	1021028	CARTERA_IDE	2015-08-25	0	0	0	0	0	0	7921	10	451	0	0	913	0	0	0	0	0	0	0	9295
2385	Lira Torres Adriana	1021032	CARTERA_IDE	2015-08-25	0	0	0	0	0	0	1942	66	0	0	0	0	0	0	0	0	0	0	1	2009
2385	Lira Torres Adriana	1021034	CARTERA_IDE	2015-08-26	0	0	0	0	0	0	17022	35	1727	0	0	0	0	0	0	0	0	0	1	18785
2385	Lira Torres Adriana	1021028	CARTERA_IDE	2015-08-27	0	0	0	0	0	0	18763	6	1266	0	0	0	0	0	0	86	0	0	0	20121
2385	Lira Torres Adriana	1021033	CARTERA_IDE	2015-08-28	0	0	0	0	0	0	19279	5	1290	0	1170	0	0	0	0	62	0	0	0	21806
2385	Lira Torres Adriana	1021027	CARTERA_IDE	2015-08-29	0	0	0	0	0	0	9103	53	0	0	0	0	0	0	0	0	0	0	1	9157
2392	Lopez Meraz Yessica	1021027	CARTERA_IDE	2015-08-25	0	0	0	0	0	0	20964	10	940	0	0	0	0	0	0	0	0	0	9	21923
2392	Lopez Meraz Yessica	1021027	CARTERA_IDE	2015-08-26	0	0	0	0	0	0	13361	5	1150	0	0	0	0	0	0	0	0	0	3	14519
2392	Lopez Meraz Yessica	1021027	CARTERA_IDE	2015-08-27	0	0	0	0	0	0	30103	10	1770	0	0	0	0	0	0	837	0	0	4	32724
2392	Lopez Meraz Yessica	1021027	CARTERA_IDE	2015-08-28	0	0	0	0	0	0	31175	10	1452	0	0	0	0	0	0	0	0	0	2	32639
2368	Lopez Torres Luis	1021040	CARTERA_IDE	2015-08-25	0	0	0	0	0	0	14203	10	1671	0	0	0	0	0	0	0	0	0	2	15886
2368	Lopez Torres Luis	1021039	CARTERA_IDE	2015-08-27	0	0	0	0	0	0	15065	5	1718	0	510	0	0	0	0	888	0	0	0	18186
2368	Lopez Torres Luis	1021041	CARTERA_IDE	2015-08-28	0	0	0	0	0	0	17010	276	0	0	0	0	0	0	0	1218	0	0	1	18505
2368	Lopez Torres Luis	1021033	CARTERA_IDE	2015-08-29	0	0	0	0	0	0	11331	10	0	0	0	0	0	0	0	0	0	0	0	11341
2224	Loya Martinez Bannel	1021012	Cartera Desborde	2015-08-25	25	2	317.1199951	7928	0	0	2585	11	1334	0	0	0	0	0	0	0	0	0	6	11864
2224	Loya Martinez Bannel	1021018	CARTERA_IDE	2015-08-25	0	0	0	0	0	0	3917	0	0	0	0	0	0	0	0	0	0	0	0	3917
2224	Loya Martinez Bannel	1021018	Cartera Desborde	2015-08-26	0	0	0	0	0	0	100	5	0	0	0	0	0	0	0	0	0	0	0	105
2224	Loya Martinez Bannel	1021018	CARTERA_IDE	2015-08-26	0	0	0	0	0	0	13265	0	1549	0	0	0	0	0	0	0	0	0	1	14815
2224	Loya Martinez Bannel	1021019	CARTERA_IDE	2015-08-27	0	0	0	0	0	0	16841	5	1279	0	0	0	0	0	0	0	0	0	2	18127
2224	Loya Martinez Bannel	1021019	CARTERA_IDE	2015-08-28	0	0	0	0	0	0	14763	5	1505	0	936	0	0	0	0	0	0	0	1	17210
2332	Lujan Arais Sara	1021061	CARTERA_IDE	2015-08-25	0	0	0	0	0	0	22339	10	2007	0	666	0	0	0	0	0	0	0	0	25022
2332	Lujan Arais Sara	1021061	CARTERA_IDE	2015-08-26	0	0	0	0	0	0	21311	10	2306	0	0	0	0	0	0	0	0	0	0	23627
2332	Lujan Arais Sara	1021061	CARTERA_IDE	2015-08-27	0	0	0	0	0	0	18051	21	2185	0	0	0	0	0	0	0	0	0	2	20259
2332	Lujan Arais Sara	1021061	CARTERA_IDE	2015-08-28	0	0	0	0	0	0	21295	5	2462	0	773	0	0	0	1186	0	0	0	1	25722
2042	Manjarrez L. Laura C	1021029	Cartera Desborde	2015-08-25	6	0	344.5	2067	0	0	0	5	5	0	0	0	0	0	0	0	0	0	0	2077
2042	Manjarrez L. Laura C	1021028	Cartera Desborde	2015-08-26	0	0	0	0	0	0	146	10	0	0	0	0	0	0	0	0	0	0	1	157
2180	Marrufo martinez Cin	1021052	Cartera Desborde	2015-08-25	0	0	0	0	0	0	482	5	0	0	0	0	0	0	0	0	0	0	0	487
2180	Marrufo martinez Cin	1021052	CARTERA_IDE	2015-08-25	0	0	0	0	0	0	23541	3	1488	0	275	0	0	0	0	0	0	0	2	25309
2180	Marrufo martinez Cin	1021052	CARTERA_IDE	2015-08-26	0	0	0	0	0	0	18846	10	2533	0	126	0	0	0	0	0	0	0	2	21517
2180	Marrufo martinez Cin	1021056	CARTERA_IDE	2015-08-27	0	0	0	0	0	0	15443	5	1476	0	0	0	0	0	0	0	0	0	3	16927
2080	Martinez Maldonado E	1021051	Cartera Desborde	2015-08-25	0	0	0	0	0	0	75	5	0	0	0	0	0	0	0	0	0	0	0	80
2080	Martinez Maldonado E	1021051	CARTERA_IDE	2015-08-25	0	0	0	0	0	0	6863	0	0	0	0	0	0	0	0	0	0	0	3	6866
2080	Martinez Maldonado E	1021053	CARTERA_IDE	2015-08-30	0	0	0	0	0	0	18175	5	1937	0	0	0	0	0	0	0	0	0	1	20118
2081	Martinez Maldonado P	1021051	Cartera Desborde	2015-08-26	1	0	509	509	0	0	276	5	0	0	560	0	0	0	0	0	0	0	0	1350
2081	Martinez Maldonado P	1021051	Cartera Desborde	2015-08-27	0	0	0	0	0	0	17	5	0	0	0	0	0	0	0	0	0	0	0	22
2081	Martinez Maldonado P	1021051	CARTERA_IDE	2015-08-27	0	0	0	0	0	0	15017	5	1160	0	0	0	0	0	0	0	0	0	0	16182
2081	Martinez Maldonado P	1021050	CARTERA_IDE	2015-08-28	0	0	0	0	0	0	15291	5	1269	0	0	0	0	0	0	0	0	0	0	16565
2379	Medina Hernandez Cri	1021047	Cartera Desborde	2015-08-26	0	0	0	0	0	0	21	5	0	0	0	0	0	0	0	0	454	0	0	480
2379	Medina Hernandez Cri	1021047	CARTERA_IDE	2015-08-26	0	0	0	0	0	0	8708	5	0	0	0	0	0	0	0	0	320	0	12	9045
2379	Medina Hernandez Cri	1021033	CARTERA_IDE	2015-08-27	0	0	0	0	0	0	21666	15	0	0	0	0	0	0	0	206	0	0	2	21889
2379	Medina Hernandez Cri	1021047	CARTERA_IDE	2015-08-28	0	0	0	0	0	0	14592	5	0	0	0	0	0	0	0	0	0	0	2	14599
2379	Medina Hernandez Cri	1021051	CARTERA_IDE	2015-08-29	0	0	0	0	0	0	20344	10	1235	0	0	0	0	0	0	0	0	0	9	21598
2181	medina Rivas Jazmin	1021014	CARTERA_IDE	2015-08-25	0	0	0	0	0	0	13572	20	1102	0	1136	0	0	0	0	174	0	0	3	16007
2181	medina Rivas Jazmin	1021024	CARTERA_IDE	2015-08-26	0	0	0	0	0	0	12724	20	1106	0	0	0	0	0	139	0	0	0	6	13995
2181	medina Rivas Jazmin	1021051	Cartera Desborde	2015-08-27	6	0	351.8333435	2111	0	0	6294	15	0	0	0	0	0	0	0	0	0	0	1	7638
2181	medina Rivas Jazmin	1021051	CARTERA_IDE	2015-08-27	0	0	0	0	0	0	4351	22	1437	0	529	0	0	0	0	353	0	0	0	7475
2181	medina Rivas Jazmin	1021052	Cartera Desborde	2015-08-29	0	0	0	0	0	0	68	5	0	0	0	0	0	0	0	0	0	0	0	73
2181	medina Rivas Jazmin	1021052	CARTERA_IDE	2015-08-29	0	0	0	0	0	0	16198	5	1424	0	0	0	0	0	0	0	366	0	1	17994
2297	Medrano Cordero Daya	1021021	CARTERA_IDE	2015-08-25	0	0	0	0	0	0	21964	20	2869	0	425	0	0	0	0	0	0	0	9	25287
2297	Medrano Cordero Daya	1021021	CARTERA_IDE	2015-08-26	0	0	0	0	0	0	22380	10	2829	0	97	0	0	0	0	0	0	0	1	25317
2297	Medrano Cordero Daya	1021021	CARTERA_IDE	2015-08-27	0	0	0	0	0	0	22526	10	2863	0	0	0	0	0	0	0	0	0	1	25400
2297	Medrano Cordero Daya	1021021	CARTERA_IDE	2015-08-28	0	0	0	0	0	0	22964	10	2489	0	0	0	0	0	0	0	0	0	0	25463
2301	Melendez Ramirez Nan	1021019	CARTERA_IDE	2015-08-25	0	0	0	0	0	0	21775	5	1084	0	799	0	0	0	0	0	107	0	0	23770
2301	Melendez Ramirez Nan	1021019	CARTERA_IDE	2015-08-26	0	0	0	0	0	0	1970	5	0	0	0	0	0	0	0	0	72	0	1	2048
2301	Melendez Ramirez Nan	1021018	CARTERA_IDE	2015-08-27	0	0	0	0	0	0	1050	10	0	0	0	0	0	0	649	0	104	0	0	1813
2183	Mendoza Ruiz Rene	1021052	CARTERA_IDE	2015-08-28	0	0	0	0	0	0	28316	40	1900	0	786	0	0	0	0	0	0	0	13	31055
2183	Mendoza Ruiz Rene	1021031	CARTERA_IDE	2015-08-29	0	0	0	0	0	0	10568	25	1294	0	0	0	0	0	0	0	2648	0	2	14537
2183	Mendoza Ruiz Rene	1021052	CARTERA_IDE	2015-08-30	0	0	0	0	0	0	9732	10	0	0	0	0	0	0	0	0	0	0	1	9743
2393	Morquecho Alejandra	1021060	CARTERA_IDE	2015-08-25	0	0	0	0	0	0	23177	5	2325	0	0	0	0	0	0	0	0	0	5	25512
2393	Morquecho Alejandra	1021060	CARTERA_IDE	2015-08-26	0	0	0	0	0	0	17170	5	2410	0	0	0	0	0	0	0	0	0	2	19587
2393	Morquecho Alejandra	1021060	CARTERA_IDE	2015-08-27	0	0	0	0	0	0	22905	5	2407	0	0	0	0	0	0	0	0	0	3	25320
2393	Morquecho Alejandra	1021060	CARTERA_IDE	2015-08-28	0	0	0	0	0	0	23229	10	2345	0	0	0	0	0	0	0	0	0	4	25588
2393	Morquecho Alejandra	1021060	CARTERA_IDE	2015-08-29	0	0	0	0	0	0	20201	5	1467	0	0	0	0	0	0	0	0	0	2	21675
2293	Muñoz Acosta Eric	1021007	CARTERA_IDE	2015-08-25	0	0	0	0	0	0	25783	40	2289	0	0	0	0	0	2006	0	0	0	38	30156
2293	Muñoz Acosta Eric	1021007	CARTERA_IDE	2015-08-26	0	0	0	0	0	0	12673	20	1064	0	0	0	0	0	0	0	0	0	20	13777
2293	Muñoz Acosta Eric	1021007	CARTERA_IDE	2015-08-27	0	0	0	0	0	0	27905	30	2015	0	607	0	0	0	0	701	0	0	29	31287
2293	Muñoz Acosta Eric	1021007	CARTERA_IDE	2015-08-28	0	0	0	0	0	0	27031	25	2073	0	0	0	0	0	0	0	0	0	22	29151
2086	Ordonez Grajeda Jose	1021033	CARTERA_IDE	2015-08-26	0	0	0	0	0	0	21536	5	1952	0	121	0	0	0	0	0	0	0	2	23616
2086	Ordonez Grajeda Jose	1021042	CARTERA_IDE	2015-08-27	0	0	0	0	0	0	8471	10	1211	0	3065	0	0	0	0	0	0	0	2	12759
2086	Ordonez Grajeda Jose	1021034	CARTERA_IDE	2015-08-28	0	0	0	0	0	0	11368	5	1553	0	6949	0	0	0	0	0	0	0	2	19877
2032	Ortiz Lopez Alejandr	1021048	Cartera Desborde	2015-08-25	36	0	402.694458	14497	0	0	7874	10	1098	0	0	0	0	0	0	0	0	0	5	23484
2032	Ortiz Lopez Alejandr	1021048	CARTERA_IDE	2015-08-25	0	0	0	0	0	0	6817	0	948	0	0	0	0	0	0	0	0	0	0	7765
2032	Ortiz Lopez Alejandr	1021048	Cartera Desborde	2015-08-26	13	0	500.7692261	6510	0	0	3049	5	1127	0	0	0	0	0	0	0	0	0	1	10692
2032	Ortiz Lopez Alejandr	1021048	CARTERA_IDE	2015-08-26	0	0	0	0	0	0	4880	0	0	0	0	0	0	0	0	0	0	0	0	4880
2032	Ortiz Lopez Alejandr	1021053	Cartera Desborde	2015-08-27	19	0	365.7894592	6950	0	0	6868	5	1333	0	0	0	0	0	344	0	0	0	2	15502
2032	Ortiz Lopez Alejandr	1021053	CARTERA_IDE	2015-08-27	0	0	0	0	0	0	14844	6	1125	0	0	0	0	0	0	0	0	0	2	15977
2087	Ortiz Mendoza Jessic	1021049	Cartera Desborde	2015-08-25	5	0	435	2175	0	0	94	5	0	0	0	0	0	0	3	0	0	0	0	2277
2087	Ortiz Mendoza Jessic	1021049	Cartera Desborde	2015-08-26	1	0	252	252	0	0	16	6	0	0	0	0	0	0	0	0	0	0	0	274
2364	Ortiz Valenzuela Ces	1021059	CARTERA_IDE	2015-08-25	0	0	0	0	0	0	20170	5	1260	0	574	0	0	0	0	0	0	0	0	22009
2364	Ortiz Valenzuela Ces	1021058	CARTERA_IDE	2015-08-26	0	0	0	0	0	0	19214	5	1161	0	534	0	0	0	0	0	0	0	0	20914
2364	Ortiz Valenzuela Ces	1021058	CARTERA_IDE	2015-08-27	0	0	0	0	0	0	20988	5	1173	0	0	0	0	0	0	0	0	0	0	22166
2364	Ortiz Valenzuela Ces	1021047	CARTERA_IDE	2015-08-29	0	0	0	0	0	0	20960	10	1157	0	0	0	0	0	0	0	0	0	0	22127
2215	Palomino Zaragoza Ma	1021062	CARTERA_IDE	2015-08-25	0	0	0	0	0	0	18507	15	1354	0	1213	0	0	0	0	0	0	0	6	21095
2215	Palomino Zaragoza Ma	1021064	CARTERA_IDE	2015-08-26	0	0	0	0	0	0	4860	10	0	0	0	0	0	0	0	0	0	0	2	4872
2215	Palomino Zaragoza Ma	1021067	CARTERA_IDE	2015-08-26	0	0	0	0	0	0	20546	20	2413	0	0	0	0	0	0	0	0	0	2	22981
2215	Palomino Zaragoza Ma	1021057	CARTERA_IDE	2015-08-27	0	0	0	0	0	0	20874	15	2681	0	304	0	0	0	0	417	0	0	7	24298
2215	Palomino Zaragoza Ma	1021057	CARTERA_IDE	2015-08-28	0	0	0	0	0	0	28749	26	2479	0	662	0	0	0	0	69	0	0	10	31995
2289	Pena Claro Laura	1021056	CARTERA_IDE	2015-08-25	0	0	0	0	0	0	3509	5	0	0	0	0	0	0	0	0	0	0	0	3514
2289	Pena Claro Laura	1021050	CARTERA_IDE	2015-08-26	0	0	0	0	0	0	15713	5	1909	0	0	0	0	0	0	0	0	0	0	17627
2336	Peña Avalos Luis	1021043	CARTERA_IDE	2015-08-25	0	0	0	0	0	0	2770	5	0	0	0	0	0	0	0	0	0	0	2	2777
2336	Peña Avalos Luis	1021113	REA	2015-08-25	1	0	870	870	0	0	10009	54	0	0	0	0	0	0	0	0	0	0	6	10939
2336	Peña Avalos Luis	1021113	REA	2015-08-26	0	0	0	0	0	0	12683	3091	0	0	0	0	0	0	0	0	0	0	4	15778
2336	Peña Avalos Luis	1021113	REA	2015-08-27	1	0	917	917	0	0	5670	25	0	0	0	0	0	0	0	0	0	0	7	6619
2336	Peña Avalos Luis	1021116	REA	2015-08-28	1	0	607	607	0	0	13939	882	0	0	0	0	0	0	0	0	0	0	5	15433
2336	Peña Avalos Luis	1021115	REA	2015-08-29	2	0	41	82	0	0	14250	15	0	0	0	0	0	0	0	0	0	0	5	14352
2336	Peña Avalos Luis	1021116	REA	2015-08-29	0	0	0	0	0	0	9847	25	0	0	0	0	0	0	0	0	0	0	5	9877
2351	Perez Chavarria Gabr	1021002	CARTERA_IDE	2015-08-25	0	0	0	0	0	0	26543	10	1979	0	1096	0	0	0	0	0	0	0	1	29629
2351	Perez Chavarria Gabr	1021002	CARTERA_IDE	2015-08-26	0	0	0	0	0	0	29696	10	2148	0	519	0	0	0	0	0	0	0	2	32375
2351	Perez Chavarria Gabr	1021009	CARTERA_IDE	2015-08-27	0	0	0	0	0	0	29105	10	2070	0	819	0	0	0	0	400	0	0	1	32405
2333	Perez Sylva Yazmin	1021062	CARTERA_IDE	2015-08-25	0	0	0	0	0	0	23240	20	1301	0	0	0	0	0	0	0	0	0	1	24562
2333	Perez Sylva Yazmin	1021062	CARTERA_IDE	2015-08-26	0	0	0	0	0	0	29352	186	2148	0	0	0	0	0	0	0	0	0	3	31689
2333	Perez Sylva Yazmin	1021062	CARTERA_IDE	2015-08-28	0	0	0	0	0	0	21553	10	1822	0	670	0	0	0	341	0	0	0	1	24397
2142	Perez Talamantes Mel	1021028	Cartera Desborde	2015-08-25	25	0	427.3999939	10685	0	0	1315	0	935	0	0	0	0	0	0	0	0	0	1	12936
2142	Perez Talamantes Mel	1021028	CARTERA_IDE	2015-08-25	0	0	0	0	0	0	14464	5	1196	0	222	0	0	0	0	0	0	0	0	15887
2142	Perez Talamantes Mel	1021028	Cartera Desborde	2015-08-27	18	1	330.3333435	5946	0	0	13280	15	1452	0	254	0	0	0	0	0	0	0	3	20950
2142	Perez Talamantes Mel	1021019	Cartera Desborde	2015-08-28	7	1	435.7142944	3050	0	0	4965	10	1320	0	0	0	0	0	0	0	0	0	0	9345
2142	Perez Talamantes Mel	1021029	CARTERA_IDE	2015-08-28	0	0	0	0	0	0	9067	5	0	0	0	0	0	0	0	0	0	0	5	9077
2142	Perez Talamantes Mel	1021048	CARTERA_IDE	2015-08-30	0	0	0	0	0	0	12057	10	1561	0	0	0	0	0	0	0	0	0	2	13630
2906	Rascon Tolentino Edg	1021060	Cartera Desborde	2015-08-26	4	1	76	304	0	0	17	50	0	0	0	0	0	0	0	0	0	0	0	371
2216	Renova Banda Selene	1021043	CARTERA_IDE	2015-08-25	0	0	0	0	0	0	15203	15	1283	0	0	0	0	0	0	0	0	0	2	16503
2216	Renova Banda Selene	1021043	CARTERA_IDE	2015-08-26	0	0	0	0	0	0	16788	10	1536	0	0	0	0	0	0	0	0	0	2	18336
2216	Renova Banda Selene	1021056	CARTERA_IDE	2015-08-27	0	0	0	0	0	0	15774	15	1466	0	670	0	0	0	0	639	0	0	2	18566
2216	Renova Banda Selene	1021058	CARTERA_IDE	2015-08-28	0	0	0	0	0	0	16657	15	1438	0	0	0	0	0	0	59	0	0	3	18172
2216	Renova Banda Selene	1021042	CARTERA_IDE	2015-08-29	0	0	0	0	0	0	11472	325	1054	0	0	0	0	0	0	0	0	0	2	12853
2388	Rivera Chavez Omar	1021077	CARTERA_IDE	2015-08-25	0	0	0	0	0	0	21560	31	1772	0	385	3856	0	0	1326	0	0	0	12	28942
2388	Rivera Chavez Omar	1021077	CARTERA_IDE	2015-08-27	0	0	0	0	0	0	24567	15	1777	0	1418	0	0	0	0	903	0	0	8	28688
2205	Romero Gamboa  Javie	1021066	CARTERA_IDE	2015-08-26	0	0	0	0	0	0	15455	15	1349	0	640	0	0	0	0	0	0	0	1	17460
2205	Romero Gamboa  Javie	1021066	CARTERA_IDE	2015-08-27	0	0	0	0	0	0	16362	20	1397	0	0	0	0	0	0	0	0	0	7	17786
2205	Romero Gamboa  Javie	1021051	CARTERA_IDE	2015-08-30	0	0	0	0	0	0	15891	26	1403	0	0	0	0	0	0	0	0	0	1	17321
2363	Ruiz Daniel	1021029	Cartera Desborde	2015-08-25	5	0	504	2520	0	0	8	15	3	0	0	0	0	0	0	0	0	0	0	2546
2363	Ruiz Daniel	1021046	Cartera Desborde	2015-08-26	2	0	783	1566	0	0	117	8	0	0	0	0	0	0	0	0	0	0	0	1691
2363	Ruiz Daniel	1021060	Cartera Desborde	2015-08-27	1	0	82	82	0	0	133	15	0	0	0	0	0	0	0	0	0	0	2	232
2330	Salais Rincon Jorge	1021064	CARTERA_IDE	2015-08-27	0	0	0	0	0	0	6059	10	0	0	0	0	0	0	0	0	440	0	3	6512
2330	Salais Rincon Jorge	1021036	CARTERA_IDE	2015-08-27	0	0	0	0	0	0	0	54	0	0	0	0	0	0	0	0	83	0	0	137
2330	Salais Rincon Jorge	1021035	CARTERA_IDE	2015-08-28	0	0	0	0	0	0	5685	14	0	0	0	0	0	0	0	42	148	0	5	5894
2330	Salais Rincon Jorge	1021029	CARTERA_IDE	2015-08-29	0	0	0	0	0	0	5640	15	0	0	0	0	0	0	0	0	419	0	1	6075
2160	Salcedo Amezquita Iv	1021050	Cartera Desborde	2015-08-25	5	0	393.3999939	1967	0	0	620	5	1	0	0	0	0	0	0	0	0	0	1	2594
2160	Salcedo Amezquita Iv	1021050	CARTERA_IDE	2015-08-25	0	0	0	0	0	0	9688	151	1525	0	1781	0	0	0	1799	0	0	0	1	14945
2160	Salcedo Amezquita Iv	1021043	Cartera Desborde	2015-08-26	9	0	406.3333435	3657	0	0	2367	44	1306	0	0	0	0	0	232	0	0	0	0	7606
2160	Salcedo Amezquita Iv	1021049	CARTERA_IDE	2015-08-26	0	0	0	0	0	0	9593	15	1	0	0	0	0	0	0	0	0	0	3	9612
2160	Salcedo Amezquita Iv	1021053	Cartera Desborde	2015-08-27	0	0	0	0	0	0	1526	0	0	0	0	0	0	0	0	0	0	0	1	1527
2160	Salcedo Amezquita Iv	1021053	CARTERA_IDE	2015-08-27	0	0	0	0	0	0	14734	16	1215	0	0	0	0	0	0	73	0	0	2	16040
2160	Salcedo Amezquita Iv	1021064	CARTERA_IDE	2015-08-28	0	0	0	0	0	0	9037	10	1058	0	0	0	0	0	0	0	0	0	2	10107
2160	Salcedo Amezquita Iv	1021045	CARTERA_IDE	2015-08-30	0	0	0	0	0	0	12411	536	998	0	0	0	0	0	0	0	0	0	1	13946
2237	Salinas Gonzalez Dan	1021054	Cartera Desborde	2015-08-25	22	0	427.8181763	9412	0	0	1029	5	28	0	0	0	0	0	0	0	0	0	0	10474
2237	Salinas Gonzalez Dan	1021054	CARTERA_IDE	2015-08-25	0	0	0	0	0	0	9241	5	1207	0	622	0	0	0	0	0	0	0	0	11075
2237	Salinas Gonzalez Dan	1021054	Cartera Desborde	2015-08-26	39	3	343.4615479	13395	0	0	6531	5	1209	0	421	0	0	0	0	0	0	0	0	21561
2237	Salinas Gonzalez Dan	1021047	Cartera Desborde	2015-08-27	0	0	0	0	0	0	461	5	0	0	0	0	0	0	0	0	0	0	0	466
2237	Salinas Gonzalez Dan	1021047	CARTERA_IDE	2015-08-27	0	0	0	0	0	0	22099	10	1805	0	0	0	0	0	0	0	0	0	3	23917
2237	Salinas Gonzalez Dan	1021048	CARTERA_IDE	2015-08-28	0	0	0	0	0	0	20502	5	1071	0	0	0	0	0	0	0	0	0	1	21579
2294	Soto BustilloTeresa	1021015	CARTERA_IDE	2015-08-25	0	0	0	0	0	0	20915	15	919	0	212	0	0	0	2309	0	0	0	4	24374
2294	Soto BustilloTeresa	1021015	CARTERA_IDE	2015-08-27	0	0	0	0	0	0	28513	15	2211	0	630	0	0	0	0	421	0	0	4	31794
2294	Soto BustilloTeresa	1021015	CARTERA_IDE	2015-08-28	0	0	0	0	0	0	30456	15	2150	0	0	0	0	0	0	0	74	0	5	32700
2389	Soto Marquez Laura	1021011	CARTERA_IDE	2015-08-25	0	0	0	0	0	0	22560	7	1828	0	0	0	0	0	1392	0	0	0	4	25791
2389	Soto Marquez Laura	1021012	CARTERA_IDE	2015-08-26	0	0	0	0	0	0	18906	11	1666	0	0	0	0	0	0	0	0	0	2	20585
2389	Soto Marquez Laura	1021011	CARTERA_IDE	2015-08-27	0	0	0	0	0	0	24778	63	1732	0	0	0	0	0	0	0	0	0	2	26575
2389	Soto Marquez Laura	1021011	CARTERA_IDE	2015-08-28	0	0	0	0	0	0	23630	5	1863	0	0	0	0	0	0	0	0	0	2	25500
2052	Uribe Moya Miguel	1021013	Cartera Desborde	2015-08-25	8	0	358.125	2865	0	0	3590	10	0	0	0	0	0	0	0	0	0	0	2	6467
2052	Uribe Moya Miguel	1021013	Cartera Desborde	2015-08-26	52	2	336	17472	0	0	5660	5	1804	0	0	0	0	0	0	0	413	0	0	25354
2052	Uribe Moya Miguel	1021013	Cartera Desborde	2015-08-27	37	3	308.4864807	11414	0	0	11025	5	2151	0	361	0	0	0	0	0	242	0	0	25198
2052	Uribe Moya Miguel	1021013	Cartera Desborde	2015-08-28	42	3	294.8095093	12382	0	0	10682	10	1968	0	0	0	0	0	0	0	0	0	3	25045
2258	Valverde Villezcas J	1021079	CARTERA_IDE	2015-08-25	0	0	0	0	0	0	13109	5	1221	0	374	0	0	0	518	0	0	0	0	15227
2258	Valverde Villezcas J	1021079	CARTERA_IDE	2015-08-26	0	0	0	0	0	0	15821	5	1459	0	374	0	0	0	0	0	0	0	4	17663
2258	Valverde Villezcas J	1021079	CARTERA_IDE	2015-08-27	0	0	0	0	0	0	16694	5	1150	0	182	0	0	0	139	0	0	0	0	18170
2258	Valverde Villezcas J	1021079	CARTERA_IDE	2015-08-28	0	0	0	0	0	0	17350	5	1224	0	0	0	0	0	0	0	0	0	1	18580
2258	Valverde Villezcas J	1021040	CARTERA_IDE	2015-08-29	0	0	0	0	0	0	16446	10	1505	0	0	0	0	0	0	0	0	0	2	17963
2266	Vazquez Contreras Ju	1021064	CARTERA_IDE	2015-08-25	0	0	0	0	0	0	6941	5	0	0	0	0	0	0	0	0	0	0	4	6950
2266	Vazquez Contreras Ju	1021073	CARTERA_IDE	2015-08-25	0	0	0	0	0	0	5595	16	1173	0	0	0	0	0	1670	0	0	0	9	8463
2266	Vazquez Contreras Ju	1021061	CARTERA_IDE	2015-08-26	0	0	0	0	0	0	14527	15	1219	0	0	0	0	0	0	0	0	0	15	15776
2266	Vazquez Contreras Ju	1021058	CARTERA_IDE	2015-08-27	0	0	0	0	0	0	12886	5	934	0	0	0	0	0	0	665	0	0	5	14495
2266	Vazquez Contreras Ju	1021043	Cartera Desborde	2015-08-28	0	0	0	0	0	0	8000	0	1026	0	0	0	0	0	0	52	0	0	5	9083
2266	Vazquez Contreras Ju	1021043	CARTERA_IDE	2015-08-28	0	0	0	0	0	0	7166	5	0	0	0	0	0	0	0	0	0	0	0	7171
2266	Vazquez Contreras Ju	1021052	Cartera Desborde	2015-08-30	0	0	0	0	0	0	1809	5	0	0	0	0	0	0	0	0	0	0	0	1814
2266	Vazquez Contreras Ju	1021052	CARTERA_IDE	2015-08-30	0	0	0	0	0	0	7127	10	905	0	0	0	0	0	0	0	0	0	8	8050
2117	Zavala Velazquillo A	1021001	CARTERA_IDE	2015-08-25	1	1	12	12	0	0	21690	10	1718	0	474	0	0	0	1751	0	0	2	5	25662
2117	Zavala Velazquillo A	1021001	CARTERA_IDE	2015-08-26	0	0	0	0	0	0	24409	5	1939	0	0	0	0	0	0	0	0	0	0	26353
2117	Zavala Velazquillo A	1021001	CARTERA_IDE	2015-08-27	0	0	0	0	0	0	12282	10	0	0	476	0	0	0	0	0	0	0	4	12772
2117	Zavala Velazquillo A	1021001	CARTERA_IDE	2015-08-28	0	0	0	0	0	0	23003	10	1871	0	0	0	0	0	0	43	0	0	6	24933
2175	Zubiate Carrillo Pau	1021080	CARTERA_IDE	2015-08-25	0	0	0	0	0	0	22593	15	1815	0	732	0	0	0	0	0	223	0	1	25379
