2391	Almora Hernandez Dam	1021033	CARTERA_IDE	2015-09-01	0	0	0	0	0	0	27211	652	1733	0	0	0	0	0	0	0	0	0	4	29600
2394	Ballesteros Medina E	1021034	CARTERA_IDE	2015-09-01	0	0	0	0	0	0	3346	5	0	0	0	0	0	0	0	0	0	0	0	3351
2370	Banuelos Barrera Dan	1021036	CARTERA_IDE	2015-09-01	0	0	0	0	0	0	23449	5	2121	0	0	0	0	0	0	0	0	0	0	25575
2202	Bencomo Lujan Jose	1021068	CARTERA_IDE	2015-09-01	0	0	0	0	0	0	16735	5	1389	0	0	0	0	0	0	0	0	0	0	18129
2376	Blanco Amesquita Dan	1021046	CARTERA_IDE	2015-09-01	0	0	0	0	0	0	29783	15	1654	0	0	0	0	0	0	0	0	0	4	31456
2314	Castillo Ruiz Ivan	1021053	Cartera Desborde	2015-09-01	34	1	459.2058716	15613	0	0	7533	5	1811	0	0	0	0	0	0	0	0	0	1	24963
2314	Castillo Ruiz Ivan	1021053	CARTERA_IDE	2015-09-01	0	0	0	0	0	0	7047	5	0	0	0	0	0	0	0	0	0	0	0	7052
2365	Chacon Arzaga Josue	1021039	CARTERA_IDE	2015-09-01	0	0	0	0	0	0	29706	24	1852	0	0	0	0	0	0	0	0	0	3	31585
2319	Chacon Reyes Rocio	1021009	CARTERA_IDE	2015-09-01	0	0	0	0	0	0	28056	10	1591	0	0	0	0	0	0	0	0	0	2	29659
2358	Chaparro Maicol Chri	1021043	CARTERA_IDE	2015-09-01	0	0	0	0	0	0	29834	23	2107	0	251	0	0	0	0	0	0	0	5	32220
2228	Chavez Quinones Josu	1021028	CARTERA_IDE	2015-09-01	0	0	0	0	0	0	33489	111	2656	0	0	0	0	0	0	0	0	0	0	36256
2352	Chavez Solis Linda	1021062	CARTERA_IDE	2015-09-01	0	0	0	0	0	0	29169	20	1744	0	0	0	0	0	0	0	0	0	9	30942
2146	Chavira Sifuentes Cr	1021018	CARTERA_IDE	2015-09-01	0	0	0	0	0	0	15545	5	874	0	0	0	0	0	0	0	0	0	1	16425
2168	Colomo Diaz Ivan	1021054	Cartera Desborde	2015-09-01	0	0	0	0	0	0	486	5	0	0	0	0	0	0	0	0	0	0	0	491
2168	Colomo Diaz Ivan	1021054	CARTERA_IDE	2015-09-01	0	0	0	0	0	0	12134	5	1487	0	0	0	0	0	0	0	0	0	1	13627
2251	Cordero Marquez Rafa	1021065	CARTERA_IDE	2015-09-01	0	0	0	0	0	0	13205	5	1296	0	0	0	0	0	0	0	0	0	1	14507
2331	Corral Ponce Veronic	1021078	CARTERA_IDE	2015-09-01	0	0	0	0	0	0	9534	15	1202	0	0	0	0	0	0	0	0	0	2	10753
2298	De los Angeles Chris	1021032	CARTERA_IDE	2015-09-01	0	0	0	0	0	0	26263	40	2437	0	418	0	0	0	0	0	294	0	20	29472
2125	Dominguez Alarcon Is	1021064	CARTERA_IDE	2015-09-01	0	0	0	0	0	0	13395	15	1027	0	0	0	0	0	0	0	0	0	5	14442
2010	Escobedo M. Bianca	1021013	CARTERA_IDE	2015-09-01	0	0	0	0	0	0	14284	5	2555	0	0	0	0	0	0	0	0	0	0	16844
2170	Falcon Perez Luis	1021051	CARTERA_IDE	2015-09-01	0	0	0	0	0	0	14121	10	919	0	1305	0	0	0	0	0	0	0	1	16356
2169	Fierro Alvarado Karl	1021054	Cartera Desborde	2015-09-01	6	0	470.1666565	2821	0	0	4276	0	0	0	0	0	0	0	0	0	0	0	5	7102
2169	Fierro Alvarado Karl	1021054	CARTERA_IDE	2015-09-01	0	0	0	0	0	0	13947	10	2259	0	0	0	0	0	0	0	0	0	0	16216
2156	Figueroa Marrufo Adr	1021042	CARTERA_IDE	2015-09-01	0	0	0	0	0	0	13544	5	952	0	0	0	0	0	0	0	0	0	1	14502
2384	Flores Heredia Keyla	1021044	CARTERA_IDE	2015-09-01	0	0	0	0	0	0	20552	5	1102	0	0	0	0	0	0	0	0	0	1	21660
2172	Flores Murillo Denis	1021049	Cartera Desborde	2015-09-01	22	2	317.2727356	6980	0	0	3852	43	1079	0	0	0	0	0	0	0	0	0	5	11959
2172	Flores Murillo Denis	1021049	CARTERA_IDE	2015-09-01	0	0	0	0	0	0	18636	15	1178	0	0	0	0	0	0	0	0	0	0	19829
2372	Garcia Ortiz Ever	1021045	Cartera Desborde	2015-09-01	50	0	315.5	15775	0	0	10402	300	882	0	0	0	0	0	0	0	0	0	0	27359
2372	Garcia Ortiz Ever	1021045	CARTERA_IDE	2015-09-01	0	0	0	0	0	0	4254	0	1015	0	0	0	0	0	0	0	0	0	0	5269
2236	Gaytan Gallardo Vict	1021018	CARTERA_IDE	2015-09-01	0	0	0	0	0	0	14290	10	1258	0	0	0	0	0	0	0	0	0	0	15558
2327	Gonzalez Gonzalez Na	1021074	CARTERA_IDE	2015-09-01	0	0	0	0	0	0	24986	25	0	0	0	0	0	0	0	0	0	0	8	25019
2386	Grajeda Favela Jesus	1021066	CARTERA_IDE	2015-09-01	0	0	0	0	0	0	26784	665	1875	0	0	0	0	0	0	0	0	0	10	29334
2243	Hernandez Macias Ana	1021044	CARTERA_IDE	2015-09-01	0	0	0	0	0	0	27005	10	1749	0	0	0	0	0	0	0	0	0	1	28765
2252	Hinostroza Diego	1021071	CARTERA_IDE	2015-09-01	0	0	0	0	0	0	14960	5	1177	0	749	0	0	0	0	0	0	0	3	16894
2107	Ibarra Enriquez Mari	1021070	CARTERA_IDE	2015-09-01	0	0	0	0	0	0	1752	5	0	0	0	0	0	0	0	0	0	0	0	1757
2350	Jaramillo Flores Ser	1021031	CARTERA_IDE	2015-09-01	0	0	0	0	0	0	28132	20	2735	0	0	0	0	0	0	0	0	0	3	30890
2323	Lara Garcia Teresita	1021047	Cartera Desborde	2015-09-01	0	0	0	0	0	0	53	5	0	0	0	0	0	0	0	0	0	0	0	58
2323	Lara Garcia Teresita	1021047	CARTERA_IDE	2015-09-01	0	0	0	0	0	0	29974	5	2022	0	465	0	0	0	0	0	0	0	3	32469
2194	Leyva Rodriguez Ana	1021012	CARTERA_IDE	2015-09-01	0	0	0	0	0	0	27213	10	2253	0	0	0	0	0	42	0	0	0	4	29522
2339	Leyva Rodriguez Serg	1021029	CARTERA_IDE	2015-09-01	0	0	0	0	0	0	26619	15	1818	0	0	0	0	0	0	0	0	0	1	28453
2385	Lira Torres Adriana	1021027	CARTERA_IDE	2015-09-01	0	0	0	0	0	0	20250	10	1183	0	0	0	0	0	0	0	0	0	2	21445
2392	Lopez Meraz Yessica	1021027	CARTERA_IDE	2015-09-01	0	0	0	0	0	0	29690	15	1631	0	644	0	0	0	0	0	196	0	3	32179
2224	Loya Martinez Bannel	1021019	CARTERA_IDE	2015-09-01	0	0	0	0	0	0	15852	15	1214	0	269	0	0	0	0	0	0	0	2	17352
2332	Lujan Arais Sara	1021061	CARTERA_IDE	2015-09-01	0	0	0	0	0	0	22455	15	2391	0	0	0	0	0	0	0	0	0	4	24865
2042	Manjarrez L. Laura C	1021018	Cartera Desborde	2015-09-01	5	0	432.3999939	2162	0	0	661	20	0	0	0	0	0	0	0	0	0	0	1	2844
2180	Marrufo martinez Cin	1021052	CARTERA_IDE	2015-09-01	0	0	0	0	0	0	23647	10	2025	0	0	0	0	0	0	0	0	0	15	25697
2080	Martinez Maldonado E	1021051	CARTERA_IDE	2015-09-01	0	0	0	0	0	0	8569	10	995	0	0	0	0	0	0	0	0	0	6	9580
2081	Martinez Maldonado P	1021056	CARTERA_IDE	2015-09-01	0	0	0	0	0	0	3298	5	0	0	0	0	0	0	0	0	0	0	0	3303
2297	Medrano Cordero Daya	1021021	CARTERA_IDE	2015-09-01	0	0	0	0	0	0	22496	5	2618	0	0	0	0	0	0	0	0	0	30	25149
2301	Melendez Ramirez Nan	1021019	CARTERA_IDE	2015-09-01	0	0	0	0	0	0	21614	57	1831	0	453	0	0	0	0	0	1633	0	0	25588
2359	Moreno Hernandez Lui	1021014	CARTERA_IDE	2015-09-01	0	0	0	0	0	0	25770	20	3759	0	669	0	0	0	0	0	0	0	7	30225
2393	Morquecho Alejandra	1021047	CARTERA_IDE	2015-09-01	0	0	0	0	0	0	23041	291	2060	0	0	0	0	0	0	0	0	0	19	25411
2293	Muñoz Acosta Eric	1021075	CARTERA_IDE	2015-09-01	0	0	0	0	0	0	29384	35	2040	0	0	0	0	0	0	0	322	0	30	31811
2086	Ordonez Grajeda Jose	1021035	CARTERA_IDE	2015-09-01	0	0	0	0	0	0	15606	5	898	0	0	0	0	0	0	0	0	0	2	16511
2032	Ortiz Lopez Alejandr	1021048	Cartera Desborde	2015-09-01	44	1	392.4318237	17267	0	0	11471	10	1878	0	0	0	0	0	0	0	0	0	1	30627
2032	Ortiz Lopez Alejandr	1021048	CARTERA_IDE	2015-09-01	0	0	0	0	0	0	1835	0	0	0	0	0	0	0	0	0	0	0	0	1835
2364	Ortiz Valenzuela Ces	1021058	CARTERA_IDE	2015-09-01	0	0	0	0	0	0	17448	5	1210	0	521	0	0	0	0	0	0	0	0	19184
2215	Palomino Zaragoza Ma	1021057	Cartera Desborde	2015-09-01	8	1	300.5	2404	0	0	4162	5	0	0	0	0	0	0	0	0	0	0	2	6573
2215	Palomino Zaragoza Ma	1021067	CARTERA_IDE	2015-09-01	0	0	0	0	0	0	16366	5	2288	0	0	0	0	0	0	0	0	0	0	18659
2336	Peña Avalos Luis	1021116	REA	2015-09-01	2	0	425	850	0	0	17864	26	0	0	0	0	0	0	0	0	0	0	5	18745
2351	Perez Chavarria Gabr	1021011	CARTERA_IDE	2015-09-01	0	0	0	0	0	0	30299	10	2217	0	0	0	0	0	0	0	0	0	1	32527
2333	Perez Sylva Yazmin	1021061	CARTERA_IDE	2015-09-01	0	0	0	0	0	0	29532	20	2308	0	0	0	0	0	0	0	0	0	3	31863
2142	Perez Talamantes Mel	1021023	CARTERA_IDE	2015-09-01	0	0	0	0	0	0	10931	5	897	0	0	0	0	0	0	0	0	0	1	11834
2906	Rascon Tolentino Edg	1021128	Entrenamiento_carter	2015-09-01	2	2	274.5	549	0	0	978	10	0	0	0	0	0	0	0	0	0	0	3	1540
2216	Renova Banda Selene	1021066	CARTERA_IDE	2015-09-01	0	0	0	0	0	0	15997	5	1344	0	887	0	0	0	0	0	0	0	0	18233
2363	Ruiz Daniel	1021056	Cartera Desborde	2015-09-01	8	2	232.5	1860	0	0	497	46	0	0	0	0	0	0	0	0	0	0	2	2405
2363	Ruiz Daniel	1021064	Cartera Desborde	2015-09-01	0	0	0	0	0	0	0	64	0	0	0	0	0	0	0	0	0	0	0	64
2254	Ruiz Grajeda Sandra	1021078	CARTERA_IDE	2015-09-01	0	0	0	0	0	0	13080	28	707	0	1002	0	0	0	0	0	0	0	0	14817
2330	Salais Rincon Jorge	1021050	CARTERA_IDE	2015-09-01	0	0	0	0	0	0	14972	48	1241	0	985	0	0	0	0	0	161	0	8	17415
2160	Salcedo Amezquita Iv	1021060	CARTERA_IDE	2015-09-01	0	0	0	0	0	0	15705	20	1360	0	0	0	0	0	0	0	0	0	6	17091
2237	Salinas Gonzalez Dan	1021053	Cartera Desborde	2015-09-01	0	0	0	0	0	0	418	5	0	0	0	0	0	0	0	0	0	0	0	423
2237	Salinas Gonzalez Dan	1021053	CARTERA_IDE	2015-09-01	0	0	0	0	0	0	3278	0	0	0	0	0	0	0	0	0	0	0	1	3279
2294	Soto BustilloTeresa	1021052	CARTERA_IDE	2015-09-01	0	0	0	0	0	0	26528	15	2205	0	0	0	0	0	0	0	0	0	5	28753
2389	Soto Marquez Laura	1021060	CARTERA_IDE	2015-09-01	0	0	0	0	0	0	24509	7	1572	0	0	0	0	0	0	0	0	0	27	26115
2052	Uribe Moya Miguel	1021013	Cartera Desborde	2015-09-01	2	0	215	430	0	0	3860	10	44	0	0	0	0	0	0	0	0	0	0	4344
2258	Valverde Villezcas J	1021079	CARTERA_IDE	2015-09-01	0	0	0	0	0	0	16868	5	1256	0	0	0	0	0	0	0	0	0	1	18130
2266	Vazquez Contreras Ju	1021072	CARTERA_IDE	2015-09-01	0	0	0	0	0	0	15488	5	874	0	0	0	0	0	0	0	0	0	4	16371
2117	Zavala Velazquillo A	1021057	CARTERA_IDE	2015-09-01	0	0	0	0	0	0	23303	10	1899	0	0	0	0	0	0	0	0	0	1	25213
