2391	Almora Hernandez Dam	1021018	CARTERA_IDE	2015-09-02	0	0	0	0	0	0	35188	10	0	0	0	0	0	0	0	0	0	0	0	35198
2391	Almora Hernandez Dam	1021018	CARTERA_IDE	2015-09-03	0	0	0	0	0	0	23826	10	814	0	1468	0	0	0	0	0	0	0	0	26118
2407	Aviles Najera Jessic	1021131	Entrenamiento_carter	2015-09-03	1	1	1314	1314	0	0	29	11	0	0	0	0	0	0	0	0	0	0	0	1354
2394	Ballesteros Medina E	1021077	CARTERA_IDE	2015-09-02	0	0	0	0	0	0	24969	25	942	0	0	0	0	0	0	0	0	0	0	25936
2394	Ballesteros Medina E	1021077	CARTERA_IDE	2015-09-03	0	0	0	0	0	0	2896	15	0	0	0	0	0	0	0	0	0	0	0	2911
2370	Banuelos Barrera Dan	1021039	CARTERA_IDE	2015-09-02	0	0	0	0	0	0	19866	16	1073	0	0	0	0	0	0	0	0	0	6	20961
2370	Banuelos Barrera Dan	1021047	CARTERA_IDE	2015-09-03	0	0	0	0	0	0	17890	10	2295	0	0	0	0	0	0	0	0	0	0	20195
2202	Bencomo Lujan Jose	1021040	CARTERA_IDE	2015-09-02	0	0	0	0	0	0	16872	5	1143	0	0	0	0	0	0	147	0	0	0	18167
2202	Bencomo Lujan Jose	1021068	Cartera Desborde	2015-09-03	0	0	0	0	0	0	1900	0	0	0	0	0	0	0	0	0	0	0	1	1901
2202	Bencomo Lujan Jose	1021040	CARTERA_IDE	2015-09-03	0	0	0	0	0	0	14225	10	1202	0	652	0	0	0	0	0	0	0	0	16089
2376	Blanco Amesquita Dan	1021046	CARTERA_IDE	2015-09-03	0	0	0	0	0	0	30658	10	1853	0	0	0	0	0	0	0	0	0	0	32521
2049	Cano Saenz Sarai	1021009	CARTERA_IDE	2015-09-02	0	0	0	0	0	0	25725	116	1935	0	0	0	0	0	0	146	4250	0	1	32173
2049	Cano Saenz Sarai	1021005	CARTERA_IDE	2015-09-03	0	0	0	0	0	0	2414	5	0	0	0	0	0	0	0	0	0	0	0	2419
2314	Castillo Ruiz Ivan	1021043	Cartera Desborde	2015-09-02	0	0	0	0	0	0	246	5	0	0	0	0	0	0	0	0	0	0	0	251
2314	Castillo Ruiz Ivan	1021043	CARTERA_IDE	2015-09-02	0	0	0	0	0	0	12602	0	2	0	0	0	0	0	0	0	0	0	0	12604
2314	Castillo Ruiz Ivan	1021043	CARTERA_IDE	2015-09-03	0	0	0	0	0	0	16542	10	961	0	0	0	0	0	0	0	0	0	0	17513
2365	Chacon Arzaga Josue	1021036	CARTERA_IDE	2015-09-03	0	0	0	0	0	0	16496	17	1410	0	1487	0	0	0	869	0	0	0	4	20283
2358	Chaparro Maicol Chri	1021043	CARTERA_IDE	2015-09-02	0	0	0	0	0	0	30791	10	1800	0	0	0	0	0	0	0	0	0	9	32610
2358	Chaparro Maicol Chri	1021052	CARTERA_IDE	2015-09-03	0	0	0	0	0	0	20901	15	1036	0	0	0	0	0	0	0	896	0	2	22850
2228	Chavez Quinones Josu	1021031	CARTERA_IDE	2015-09-02	0	0	0	0	0	0	28724	20	2558	0	0	0	0	0	0	0	0	0	1	31303
2228	Chavez Quinones Josu	1021028	CARTERA_IDE	2015-09-03	0	0	0	0	0	0	14930	10	1147	0	228	0	0	0	0	0	394	0	0	16709
2352	Chavez Solis Linda	1021061	CARTERA_IDE	2015-09-03	0	0	0	0	0	0	26058	25	1947	0	0	0	0	0	276	0	0	0	9	28315
2146	Chavira Sifuentes Cr	1021023	CARTERA_IDE	2015-09-02	0	0	0	0	0	0	18726	5	1202	0	0	0	0	0	0	0	0	0	1	19934
2146	Chavira Sifuentes Cr	1021022	CARTERA_IDE	2015-09-03	0	0	0	0	0	0	10127	5	977	0	204	0	0	0	0	0	283	0	0	11596
2168	Colomo Diaz Ivan	1021049	Cartera Desborde	2015-09-02	10	0	394.2000122	3942	0	0	8	0	6	0	0	0	0	0	0	0	0	0	0	3956
2168	Colomo Diaz Ivan	1021049	CARTERA_IDE	2015-09-02	0	0	0	0	0	0	14610	5	1250	0	0	0	0	0	0	0	8	0	0	15873
2168	Colomo Diaz Ivan	1021054	Cartera Desborde	2015-09-03	14	0	335.5714417	4698	0	0	8311	10	1181	0	0	0	0	0	0	0	0	0	0	14200
2408	Concha Avalos Nayeli	1021128	Entrenamiento_carter	2015-09-03	4	4	429.25	1717	0	0	138	15	0	0	0	0	0	0	0	0	0	0	1	1871
2251	Cordero Marquez Rafa	1021061	CARTERA_IDE	2015-09-02	0	0	0	0	0	0	29785	20	2030	0	0	0	0	0	0	151	0	0	2	31988
2251	Cordero Marquez Rafa	1021052	CARTERA_IDE	2015-09-03	0	0	0	0	0	0	12008	5	986	0	0	0	0	0	0	0	0	0	0	12999
2298	De los Angeles Chris	1021032	CARTERA_IDE	2015-09-03	0	0	0	0	0	0	16356	30	2004	0	321	0	0	0	0	0	0	0	20	18731
2268	Diaz Rivera Itzel	1021073	CARTERA_IDE	2015-09-03	0	0	0	0	0	0	15131	5	1285	0	0	0	0	0	0	0	0	0	1	16422
2125	Dominguez Alarcon Is	1021033	CARTERA_IDE	2015-09-02	0	0	0	0	0	0	8390	10	1196	0	0	0	0	0	0	0	0	0	0	9596
2125	Dominguez Alarcon Is	1021034	CARTERA_IDE	2015-09-03	0	0	0	0	0	0	11184	10	1258	0	294	0	0	0	0	0	212	0	1	12959
2010	Escobedo M. Bianca	1021014	CARTERA_IDE	2015-09-03	0	0	0	0	0	0	14023	5	2013	0	1074	0	0	0	0	0	1359	0	0	18474
2383	Estrada Mujica Aleja	1021070	CARTERA_IDE	2015-09-02	0	0	0	0	0	0	31126	10	1818	0	0	0	0	0	0	0	0	0	3	32957
2383	Estrada Mujica Aleja	1021065	CARTERA_IDE	2015-09-03	0	0	0	0	0	0	30812	10	1805	0	0	0	0	0	0	0	0	0	5	32632
2170	Falcon Perez Luis	1021047	CARTERA_IDE	2015-09-02	0	0	0	0	0	0	15444	5	940	0	0	0	0	0	0	0	0	0	0	16389
2170	Falcon Perez Luis	1021060	CARTERA_IDE	2015-09-03	0	0	0	0	0	0	14989	10	970	0	0	0	0	0	0	0	0	0	1	15970
2169	Fierro Alvarado Karl	1021047	Cartera Desborde	2015-09-02	8	1	251.5	2012	0	0	13863	39	1814	0	0	0	0	0	0	0	0	0	1	17729
2169	Fierro Alvarado Karl	1021047	CARTERA_IDE	2015-09-02	0	0	0	0	0	0	5314	28	0	0	0	0	0	0	0	0	0	0	0	5342
2169	Fierro Alvarado Karl	1021054	Cartera Desborde	2015-09-03	29	0	388.241394	11259	0	0	10070	10	2078	0	0	0	0	0	0	0	0	0	1	23418
2156	Figueroa Marrufo Adr	1021064	CARTERA_IDE	2015-09-03	0	0	0	0	0	0	16880	5	1216	0	0	0	0	0	0	0	0	0	2	18103
2384	Flores Heredia Keyla	1021044	CARTERA_IDE	2015-09-02	0	0	0	0	0	0	21121	5	985	0	0	0	0	0	0	0	0	0	1	22112
2384	Flores Heredia Keyla	1021044	CARTERA_IDE	2015-09-03	0	0	0	0	0	0	18017	10	1193	0	0	0	0	0	2583	0	0	0	2	21805
2409	Flores Medina Perla	1021129	Entrenamiento_carter	2015-09-03	3	3	1256.333374	3769	0	0	193	5	0	0	0	0	0	0	0	0	0	0	1	3968
2172	Flores Murillo Denis	1021053	Cartera Desborde	2015-09-02	0	0	0	0	0	0	739	5	0	0	0	0	0	0	0	0	0	0	0	744
2172	Flores Murillo Denis	1021049	CARTERA_IDE	2015-09-02	0	0	0	0	0	0	33983	10	1313	0	0	0	0	0	0	0	0	0	1	35307
2172	Flores Murillo Denis	1021049	Cartera Desborde	2015-09-03	16	0	351.0625	5617	0	0	6386	0	1130	0	0	0	0	0	0	0	0	0	0	13133
2172	Flores Murillo Denis	1021049	CARTERA_IDE	2015-09-03	0	0	0	0	0	0	17261	10	918	0	0	0	0	0	0	0	969	0	0	19158
2372	Garcia Ortiz Ever	1021045	Cartera Desborde	2015-09-02	0	0	0	0	0	0	0	115	0	0	0	0	0	0	0	0	0	0	0	115
2372	Garcia Ortiz Ever	1021045	CARTERA_IDE	2015-09-02	0	0	0	0	0	0	27048	579	1910	0	0	0	0	0	0	0	0	0	3	29540
2372	Garcia Ortiz Ever	1021045	Cartera Desborde	2015-09-03	6	0	294.6666565	1768	0	0	5092	62	0	0	328	0	0	0	0	0	0	0	1	7251
2372	Garcia Ortiz Ever	1021045	CARTERA_IDE	2015-09-03	0	0	0	0	0	0	23511	381	2044	0	0	0	0	0	0	0	0	0	1	25937
2072	Garcia Urtuzuastegui	1021013	CARTERA_IDE	2015-09-02	0	0	0	0	0	0	13586	10	974	0	0	0	0	0	0	0	0	0	1	14571
2072	Garcia Urtuzuastegui	1021006	CARTERA_IDE	2015-09-03	0	0	0	0	0	0	12114	25	1018	0	1051	0	0	0	0	0	272	0	3	14483
2236	Gaytan Gallardo Vict	1021014	CARTERA_IDE	2015-09-03	0	0	0	0	0	0	30920	15	2710	0	195	0	0	0	0	0	0	0	2	33842
2410	Gonzalez Gonzalez Jo	1021131	Entrenamiento_carter	2015-09-03	4	4	496.25	1985	0	0	104	12	0	0	0	0	0	0	0	0	0	0	21	2122
2386	Grajeda Favela Jesus	1021068	CARTERA_IDE	2015-09-02	0	0	0	0	0	0	17004	5	1217	0	0	0	0	0	0	0	0	0	5	18231
2386	Grajeda Favela Jesus	1021070	CARTERA_IDE	2015-09-03	0	0	0	0	0	0	3453	563	0	0	0	0	0	0	0	0	0	0	4	4020
2232	Haro Chavez Leslie	1021059	CARTERA_IDE	2015-09-02	0	0	0	0	0	0	22371	10	2147	0	0	0	0	0	0	0	0	0	2	24530
2232	Haro Chavez Leslie	1021059	CARTERA_IDE	2015-09-03	0	0	0	0	0	0	10138	11	1161	0	0	0	0	0	154	0	0	0	2	11466
2243	Hernandez Macias Ana	1021065	CARTERA_IDE	2015-09-02	0	0	0	0	0	0	18666	10	909	0	0	0	0	0	0	0	302	0	1	19888
2243	Hernandez Macias Ana	1021070	CARTERA_IDE	2015-09-03	0	0	0	0	0	0	27487	698	1159	0	0	0	0	0	0	0	0	0	1	29345
2387	Hernandez Ramirez Ga	1021046	CARTERA_IDE	2015-09-02	0	0	0	0	0	0	16867	5	1139	0	0	0	0	0	0	147	0	0	1	18159
2387	Hernandez Ramirez Ga	1021059	CARTERA_IDE	2015-09-03	0	0	0	0	0	0	16010	5	1125	0	0	0	0	0	0	0	0	0	1	17141
2252	Hinostroza Diego	1021065	CARTERA_IDE	2015-09-02	0	0	0	0	0	0	10255	1115	1148	0	0	0	0	0	0	132	0	0	3	12653
2252	Hinostroza Diego	1021073	CARTERA_IDE	2015-09-02	0	0	0	0	0	0	119	5	0	0	0	0	0	0	0	0	0	0	1	125
2107	Ibarra Enriquez Mari	1021057	CARTERA_IDE	2015-09-02	0	0	0	0	0	0	27281	15	1676	0	0	0	0	0	0	0	0	0	6	28978
2350	Jaramillo Flores Ser	1021036	CARTERA_IDE	2015-09-02	0	0	0	0	0	0	21639	10	2560	0	0	0	0	0	0	0	0	0	1	24210
2323	Lara Garcia Teresita	1021028	CARTERA_IDE	2015-09-02	0	0	0	0	0	0	23419	15	2046	0	0	0	0	0	0	0	0	0	13	25493
2323	Lara Garcia Teresita	1021053	Cartera Desborde	2015-09-03	16	0	553.9375	8863	0	0	7074	5	2085	0	0	0	0	0	186	0	0	0	4	18217
2323	Lara Garcia Teresita	1021053	CARTERA_IDE	2015-09-03	0	0	0	0	0	0	6788	5	0	0	0	0	0	0	0	0	0	0	0	6793
2194	Leyva Rodriguez Ana	1021009	CARTERA_IDE	2015-09-02	0	0	0	0	0	0	22013	15	1014	0	1082	0	0	0	0	0	0	0	8	24132
2194	Leyva Rodriguez Ana	1021009	CARTERA_IDE	2015-09-03	0	0	0	0	0	0	26405	353	797	0	0	0	0	0	0	0	0	0	3	27558
2339	Leyva Rodriguez Serg	1021029	CARTERA_IDE	2015-09-03	0	0	0	0	0	0	26643	22	2165	0	25	0	0	0	0	0	0	0	5	28860
2385	Lira Torres Adriana	1021028	CARTERA_IDE	2015-09-02	0	0	0	0	0	0	13782	1456	1117	0	806	0	0	0	0	0	0	0	0	17161
2385	Lira Torres Adriana	1021027	CARTERA_IDE	2015-09-03	0	0	0	0	0	0	20112	20	1208	0	0	0	0	0	0	0	0	0	5	21345
2392	Lopez Meraz Yessica	1021027	CARTERA_IDE	2015-09-02	0	0	0	0	0	0	30549	10	1923	0	0	0	0	0	0	0	0	0	2	32484
2392	Lopez Meraz Yessica	1021027	CARTERA_IDE	2015-09-03	0	0	0	0	0	0	28998	191	1797	0	1217	0	0	0	0	0	0	0	2	32205
2368	Lopez Torres Luis	1021039	CARTERA_IDE	2015-09-02	0	0	0	0	0	0	16843	5	1542	0	0	0	0	0	0	146	0	0	0	18536
2368	Lopez Torres Luis	1021052	CARTERA_IDE	2015-09-03	0	0	0	0	0	0	1959	5	0	0	0	0	0	0	0	0	0	0	1	1965
2224	Loya Martinez Bannel	1021019	CARTERA_IDE	2015-09-02	0	0	0	0	0	0	16425	5	1430	0	0	0	0	0	0	0	105	0	2	17967
2224	Loya Martinez Bannel	1021025	CARTERA_IDE	2015-09-03	0	0	0	0	0	0	12886	5	1048	0	415	0	0	0	0	0	0	0	1	14355
2411	Lozano Pena Jorge	1021130	Entrenamiento_carter	2015-09-03	2	2	841.5	1683	0	0	140	8	0	0	0	0	0	0	0	0	0	0	0	1831
2332	Lujan Arais Sara	1021071	CARTERA_IDE	2015-09-02	0	0	0	0	0	0	18663	10	2691	0	0	0	0	0	0	0	0	0	0	21364
2332	Lujan Arais Sara	1021066	CARTERA_IDE	2015-09-03	0	0	0	0	0	0	18020	77	2509	0	0	0	0	0	0	0	0	0	8	20614
2180	Marrufo martinez Cin	1021052	Cartera Desborde	2015-09-02	21	0	412.9523926	8672	0	0	1020	32	1514	0	0	0	0	0	0	0	0	0	0	11238
2180	Marrufo martinez Cin	1021052	CARTERA_IDE	2015-09-02	0	0	0	0	0	0	13276	5	833	0	0	0	0	0	0	0	0	0	0	14114
2180	Marrufo martinez Cin	1021024	Cartera Desborde	2015-09-03	0	0	0	0	0	0	62	5	0	0	0	0	0	0	0	0	0	0	0	67
2180	Marrufo martinez Cin	1021024	CARTERA_IDE	2015-09-03	0	0	0	0	0	0	16627	10	1176	0	152	0	0	0	0	0	352	0	8	18325
2080	Martinez Maldonado E	1021051	CARTERA_IDE	2015-09-02	0	0	0	0	0	0	25468	25	2121	0	0	0	0	0	0	0	0	0	15	27629
2080	Martinez Maldonado E	1021036	CARTERA_IDE	2015-09-03	0	0	0	0	0	0	1994	5	0	0	0	0	0	0	0	0	0	0	1	2000
2081	Martinez Maldonado P	1021050	CARTERA_IDE	2015-09-02	0	0	0	0	0	0	23354	5	2086	0	0	0	0	0	0	0	0	0	2	25447
2081	Martinez Maldonado P	1021015	CARTERA_IDE	2015-09-03	0	0	0	0	0	0	15033	5	1976	0	716	0	0	0	437	0	0	0	4	18171
2379	Medina Hernandez Cri	1021047	CARTERA_IDE	2015-09-02	0	0	0	0	0	0	10772	5	0	0	0	0	0	0	0	0	0	0	5	10782
2181	medina Rivas Jazmin	1021019	Cartera Desborde	2015-09-02	0	0	0	0	0	0	254	5	0	0	0	0	0	0	0	0	0	0	0	259
2181	medina Rivas Jazmin	1021019	CARTERA_IDE	2015-09-02	0	0	0	0	0	0	11970	10	1051	0	0	0	0	0	1109	132	0	0	2	14274
2181	medina Rivas Jazmin	1021013	Cartera Desborde	2015-09-03	11	0	449.6363525	4946	0	0	3809	22	33	0	0	0	0	0	0	0	0	0	60	8870
2181	medina Rivas Jazmin	1021019	CARTERA_IDE	2015-09-03	0	0	0	0	0	0	4835	5	1331	0	0	0	0	0	0	0	0	0	0	6171
2297	Medrano Cordero Daya	1021021	CARTERA_IDE	2015-09-02	0	0	0	0	0	0	11424	5	1471	0	0	0	0	0	0	0	0	0	1	12901
2297	Medrano Cordero Daya	1021021	CARTERA_IDE	2015-09-03	0	0	0	0	0	0	22282	20	2141	0	0	0	0	0	0	0	0	0	4	24447
2301	Melendez Ramirez Nan	1021018	CARTERA_IDE	2015-09-02	0	0	0	0	0	0	16673	255	1880	0	0	0	0	0	0	0	477	0	3	19288
2301	Melendez Ramirez Nan	1021019	CARTERA_IDE	2015-09-03	0	0	0	0	0	0	17640	15	1865	0	234	0	0	0	0	0	0	0	1	19755
2359	Moreno Hernandez Lui	1021009	CARTERA_IDE	2015-09-02	0	0	0	0	0	0	21966	15	2614	0	616	0	0	0	0	0	0	0	2	25213
2359	Moreno Hernandez Lui	1021015	CARTERA_IDE	2015-09-03	0	0	0	0	0	0	29554	15	2655	0	0	0	0	0	0	0	0	0	8	32232
2393	Morquecho Alejandra	1021079	CARTERA_IDE	2015-09-02	0	0	0	0	0	0	23386	5	2368	0	0	0	0	0	153	0	0	0	3	25915
2393	Morquecho Alejandra	1021078	CARTERA_IDE	2015-09-03	0	0	0	0	0	0	23395	10	1888	0	0	0	0	0	0	0	0	0	4	25297
2293	Muñoz Acosta Eric	1021001	CARTERA_IDE	2015-09-02	0	0	0	0	0	0	29259	30	1942	0	0	0	0	0	0	0	0	0	24	31255
2293	Muñoz Acosta Eric	1021051	CARTERA_IDE	2015-09-03	0	0	0	0	0	0	11640	10	973	0	0	0	0	0	0	0	0	0	6	12629
2086	Ordonez Grajeda Jose	1021058	CARTERA_IDE	2015-09-02	0	0	0	0	0	0	21684	5	1818	0	0	0	0	0	0	0	0	0	2	23509
2086	Ordonez Grajeda Jose	1021057	Cartera Desborde	2015-09-03	14	0	342.5	4795	0	0	3781	0	164	0	0	0	0	0	0	0	0	0	2	8742
2086	Ordonez Grajeda Jose	1021057	CARTERA_IDE	2015-09-03	0	0	0	0	0	0	8284	5	1073	0	0	0	0	0	0	0	0	0	0	9362
2412	Ornelas Armendariz K	1021130	Entrenamiento_carter	2015-09-03	1	1	1235	1235	0	0	28	10	0	0	0	0	0	0	0	0	0	0	0	1273
2032	Ortiz Lopez Alejandr	1021048	Cartera Desborde	2015-09-02	27	1	431.3333435	11646	0	0	19015	10	1826	0	0	0	0	0	0	0	0	0	1	32498
2032	Ortiz Lopez Alejandr	1021048	Cartera Desborde	2015-09-03	7	0	351.5714417	2461	0	0	5658	5	917	0	0	0	0	0	0	0	0	0	0	9041
2032	Ortiz Lopez Alejandr	1021048	CARTERA_IDE	2015-09-03	0	0	0	0	0	0	22505	5	1020	0	0	0	0	0	0	0	198	0	0	23728
2364	Ortiz Valenzuela Ces	1021014	CARTERA_IDE	2015-09-02	0	0	0	0	0	0	20651	16	1156	0	0	0	0	0	0	0	232	0	0	22055
2364	Ortiz Valenzuela Ces	1021012	CARTERA_IDE	2015-09-03	0	0	0	0	0	0	20324	5	1129	0	583	0	0	0	0	0	0	0	0	22041
2215	Palomino Zaragoza Ma	1021067	Cartera Desborde	2015-09-02	2	1	45.5	91	0	0	0	15	0	0	0	0	0	0	0	0	0	0	0	106
2215	Palomino Zaragoza Ma	1021043	CARTERA_IDE	2015-09-02	0	0	0	0	0	0	15086	16	1504	0	0	0	0	0	0	0	0	0	11	16617
2215	Palomino Zaragoza Ma	1021071	CARTERA_IDE	2015-09-03	0	0	0	0	0	0	22503	10	2545	0	0	0	0	0	0	0	0	0	10	25068
2289	Pena Claro Laura	1021042	CARTERA_IDE	2015-09-02	0	0	0	0	0	0	18220	15	0	0	3330	0	0	0	548	0	0	0	1	22114
2289	Pena Claro Laura	1021042	CARTERA_IDE	2015-09-03	0	0	0	0	0	0	12487	15	1891	0	836	0	0	0	0	0	0	0	0	15229
2336	Peña Avalos Luis	1021116	REA	2015-09-02	0	0	0	0	0	0	23571	20	11	0	0	0	0	0	0	0	0	0	6	23608
2336	Peña Avalos Luis	1021116	REA	2015-09-03	1	0	108	108	0	0	10731	15	0	0	0	0	0	0	0	0	0	0	2	10856
2351	Perez Chavarria Gabr	1021011	CARTERA_IDE	2015-09-02	0	0	0	0	0	0	26255	10	1988	0	0	0	0	0	0	0	0	0	1	28254
2351	Perez Chavarria Gabr	1021013	CARTERA_IDE	2015-09-03	0	0	0	0	0	0	29752	10	2389	0	522	0	0	0	0	0	0	0	1	32674
2333	Perez Sylva Yazmin	1021073	CARTERA_IDE	2015-09-02	0	0	0	0	0	0	4480	730	0	0	0	0	0	0	0	0	61	0	4	5275
2015	Porras Varela Ana	1021061	Cartera Desborde	2015-09-03	1	0	277	277	0	0	214	5	1	0	0	0	0	0	0	0	0	0	5	502
2906	Rascon Tolentino Edg	1021082	Entrenamiento_carter	2015-09-03	0	0	0	0	0	0	13	5	0	0	0	0	0	0	0	0	0	0	0	18
2216	Renova Banda Selene	1021062	CARTERA_IDE	2015-09-02	0	0	0	0	0	0	17238	10	1393	0	0	0	0	0	0	0	0	0	1	18642
2216	Renova Banda Selene	1021066	CARTERA_IDE	2015-09-03	0	0	0	0	0	0	17259	5	1442	0	0	0	0	0	0	0	0	0	1	18707
2413	Renteria Santana Hec	1021128	Entrenamiento_carter	2015-09-03	6	6	132.5	795	0	0	368	6	0	0	0	0	0	0	0	0	0	0	1	1170
2205	Romero Gamboa  Javie	1021066	CARTERA_IDE	2015-09-02	0	0	0	0	0	0	15781	20	1452	0	533	0	0	0	0	0	0	0	4	17790
2254	Ruiz Grajeda Sandra	1021064	CARTERA_IDE	2015-09-02	0	0	0	0	0	0	22908	10	1669	0	0	0	0	0	0	0	0	0	5	24592
2254	Ruiz Grajeda Sandra	1021044	CARTERA_IDE	2015-09-03	0	0	0	0	0	0	30780	15	1763	0	0	0	0	0	0	0	0	0	10	32568
2330	Salais Rincon Jorge	1021060	CARTERA_IDE	2015-09-02	0	0	0	0	0	0	14533	412	1354	0	0	0	0	0	0	51	0	0	2	16352
2330	Salais Rincon Jorge	1021050	CARTERA_IDE	2015-09-03	0	0	0	0	0	0	15293	336	1237	0	0	0	0	0	0	0	0	0	5	16871
2160	Salcedo Amezquita Iv	1021051	Cartera Desborde	2015-09-02	5	0	305.6000061	1528	0	0	7967	0	0	0	0	0	0	0	0	0	0	0	0	9495
2160	Salcedo Amezquita Iv	1021051	CARTERA_IDE	2015-09-02	0	0	0	0	0	0	6681	132	1428	0	0	0	0	0	0	0	0	0	0	8241
2160	Salcedo Amezquita Iv	1021052	Cartera Desborde	2015-09-03	4	0	416.75	1667	0	0	1515	107	0	0	0	0	0	0	0	0	0	0	2	3291
2237	Salinas Gonzalez Dan	1021013	Cartera Desborde	2015-09-02	3	0	387	1161	0	0	4512	5	1009	0	0	0	0	0	64	0	0	0	4	6755
2237	Salinas Gonzalez Dan	1021013	CARTERA_IDE	2015-09-02	0	0	0	0	0	0	5896	5	0	0	0	0	0	0	0	0	0	0	3	5904
2237	Salinas Gonzalez Dan	1021011	CARTERA_IDE	2015-09-03	0	0	0	0	0	0	19177	10	1558	0	810	0	0	0	0	0	0	0	1	21556
2294	Soto BustilloTeresa	1021056	CARTERA_IDE	2015-09-02	0	0	0	0	0	0	30637	10	2115	0	0	0	0	0	0	0	56	0	2	32820
2294	Soto BustilloTeresa	1021056	CARTERA_IDE	2015-09-03	0	0	0	0	0	0	29419	15	2640	0	0	0	0	0	0	0	0	0	7	32081
2389	Soto Marquez Laura	1021060	CARTERA_IDE	2015-09-03	0	0	0	0	0	0	24230	5	1489	0	0	0	0	0	0	0	0	0	1	25725
2052	Uribe Moya Miguel	1021060	Cartera Desborde	2015-09-02	4	0	479	1916	0	0	2522	11	0	0	0	0	0	0	0	0	0	0	1	4450
2052	Uribe Moya Miguel	1021060	CARTERA_IDE	2015-09-02	0	0	0	0	0	0	18579	5	1970	0	0	0	0	0	0	0	0	0	2	20556
2052	Uribe Moya Miguel	1021059	CARTERA_IDE	2015-09-03	0	0	0	0	0	0	8098	5	724	0	0	0	0	0	0	0	0	0	0	8827
2414	Valenzuela Jordan Jo	1021132	Entrenamiento_carter	2015-09-03	2	2	655.5	1311	0	0	104	6	0	0	0	0	0	0	0	0	0	0	1	1422
2258	Valverde Villezcas J	1021081	CARTERA_IDE	2015-09-02	0	0	0	0	0	0	15774	5	1203	0	0	0	0	0	0	0	0	0	0	16982
2258	Valverde Villezcas J	1021079	CARTERA_IDE	2015-09-03	0	0	0	0	0	0	16863	5	1200	0	0	0	0	0	0	0	0	0	0	18068
2266	Vazquez Contreras Ju	1021057	CARTERA_IDE	2015-09-02	0	0	0	0	0	0	14724	10	0	0	0	0	0	0	1060	57	0	0	9	15860
2266	Vazquez Contreras Ju	1021067	CARTERA_IDE	2015-09-03	0	0	0	0	0	0	14411	5	1290	0	0	0	0	0	0	0	0	0	4	15710
2117	Zavala Velazquillo A	1021053	CARTERA_IDE	2015-09-02	0	0	0	0	0	0	6423	5	0	0	0	0	0	0	0	0	0	0	0	6428
2117	Zavala Velazquillo A	1021058	CARTERA_IDE	2015-09-03	0	0	0	0	0	0	20138	5	1800	0	0	0	0	0	0	0	0	0	0	21943
2175	Zubiate Carrillo Pau	1021082	CARTERA_IDE	2015-09-02	0	0	0	0	0	0	19822	15	1303	0	0	0	0	0	0	0	0	0	2	21142
