2346	Aguilar Santillanes	1021003	CARTERA_IDE	2015-07-31	0	0	0	0	0	0	9247	10	1544	0	0	0	0	0	0	0	0	0	0	10801
2346	Aguilar Santillanes	1021005	CARTERA_IDE	2015-07-31	0	0	0	0	0	0	12556	5	1621	0	0	0	0	0	0	0	0	0	0	14182
2905	Alvidrez Romero Ivan	1021075	Cartera Desborde	2015-07-31	4	0	497	1988	0	0	2132	12	0	0	0	0	0	0	0	0	0	0	5	4137
2195	Camacho Maynez Ana	1021046	CARTERA_IDE	2015-07-31	0	0	0	0	0	0	23222	22	2692	0	0	0	0	0	0	0	0	0	1	25937
2049	Cano Saenz Sarai	1021027	CARTERA_IDE	2015-07-31	0	0	0	0	0	0	25934	25	1944	0	0	0	0	0	0	0	0	0	3	27906
2314	Castillo Ruiz Ivan	1021015	CARTERA_IDE	2015-07-31	0	0	0	0	0	0	30567	10	1814	0	0	0	0	0	0	0	0	0	10	32401
2310	Cazares Cataño Vera	1021051	Cartera Desborde	2015-07-31	1	0	27	27	0	0	0	0	0	0	1281	0	0	0	0	0	0	0	0	1308
2310	Cazares Cataño Vera	1021051	CARTERA_IDE	2015-07-31	0	0	0	0	0	0	26247	15	954	0	0	0	0	0	0	0	0	0	1	27217
2228	Chavez Quinones Josu	1021029	CARTERA_IDE	2015-07-31	0	0	0	0	0	0	27952	40	2106	0	0	0	0	0	0	0	0	0	0	30098
2331	Corral Ponce Veronic	1021079	CARTERA_IDE	2015-07-31	0	0	0	0	0	0	29821	10	1978	0	0	0	0	0	0	0	942	0	3	32754
2268	Diaz Rivera Itzel	1021053	CARTERA_IDE	2015-07-31	0	0	0	0	0	0	29343	30	2352	0	0	0	0	0	0	0	0	0	14	31739
2362	Edgar Silva	1021043	Cartera Desborde	2015-07-31	5	0	670.4000244	3352	0	0	283	10	4	0	0	0	0	0	0	0	0	0	0	3649
2010	Escobedo M. Bianca	1021009	CARTERA_IDE	2015-07-31	0	0	0	0	0	0	11913	10	1351	0	0	0	0	0	0	0	0	0	0	13274
2170	Falcon Perez Luis	1021050	Cartera Desborde	2015-07-31	14	2	454.3571472	6361	0	0	2435	0	975	0	0	0	0	0	0	0	0	0	0	9771
2170	Falcon Perez Luis	1021050	CARTERA_IDE	2015-07-31	0	0	0	0	0	0	8374	5	0	0	0	0	0	0	0	0	0	0	0	8379
2303	Flores Arras Claudia	1021078	CARTERA_IDE	2015-07-31	0	0	0	0	0	0	13611	5	1080	0	0	0	0	0	0	0	0	0	2	14698
2172	Flores Murillo Denis	1021049	Cartera Desborde	2015-07-31	43	2	407.6976624	17531	0	0	5237	43	2329	0	0	0	0	0	0	0	0	0	3	25143
2145	Frías Ruiz José Fran	1021054	Cartera Desborde	2015-07-31	57	2	317.5964966	18103	0	0	4836	175	2325	0	0	0	0	0	0	0	0	0	0	25439
2327	Gonzalez Gonzalez Na	1021077	Cartera Desborde	2015-07-31	3	0	530.333313	1591	0	0	0	5	12	0	0	0	0	0	0	0	0	0	0	1608
2232	Haro Chavez Leslie	1021025	CARTERA_IDE	2015-07-31	0	0	0	0	0	0	16237	5	1791	0	0	0	0	0	0	0	0	0	0	18033
2243	Hernandez Macias Ana	1021044	CARTERA_IDE	2015-07-31	0	0	0	0	0	0	27441	10	1656	0	0	0	0	0	0	0	0	0	1	29108
2262	Herrera Torres Danie	1021068	CARTERA_IDE	2015-07-31	0	0	0	0	0	0	13412	10	1269	0	0	0	0	0	0	0	0	0	0	14691
2107	Ibarra Enriquez Mari	1021033	CARTERA_IDE	2015-07-31	0	0	0	0	0	0	19625	15	1405	0	0	0	0	0	0	0	0	0	8	21053
2323	Lara Garcia Teresita	1021053	Cartera Desborde	2015-07-31	40	0	469.75	18790	0	0	4302	5	2078	0	0	0	0	0	0	0	62	0	0	25237
2177	Lopez Garcia Tanya	1021014	CARTERA_IDE	2015-07-31	0	0	0	0	0	0	19608	15	1570	0	0	0	0	0	0	0	0	0	1	21194
2368	Lopez Torres Luis	1021001	CARTERA_IDE	2015-07-31	0	0	0	0	0	0	24004	5	1984	0	0	0	0	0	0	0	0	0	1	25994
2224	Loya Martinez Bannel	1021019	Cartera Desborde	2015-07-31	46	10	352.2826233	16205	0	0	3447	34	1393	0	0	0	0	0	0	0	0	0	0	21079
2224	Loya Martinez Bannel	1021019	CARTERA_IDE	2015-07-31	0	0	0	0	0	0	197	5	0	0	0	0	0	0	0	0	0	0	0	202
2332	Lujan Arais Sara	1021061	CARTERA_IDE	2015-07-31	0	0	0	0	0	0	21957	20	2525	0	0	0	0	0	0	0	0	0	6	24508
2098	Mancha Castaneda Isi	1021059	Cartera Desborde	2015-07-31	3	0	481.6666565	1445	0	0	0	7	0	0	0	0	0	0	0	0	0	0	0	1452
2098	Mancha Castaneda Isi	1021075	CARTERA_IDE	2015-07-31	0	0	0	0	0	0	0	5	0	0	0	0	0	0	0	0	0	0	0	5
2042	Manjarrez L. Laura C	1021018	Cartera Desborde	2015-07-31	15	9	183.1333313	2747	0	0	1422	21	0	0	0	0	0	0	0	0	0	0	1	4191
2080	Martinez Maldonado E	1021051	Cartera Desborde	2015-07-31	28	1	381.8571472	10692	0	0	3069	37	1196	0	0	0	0	0	0	0	0	0	0	14994
2080	Martinez Maldonado E	1021051	CARTERA_IDE	2015-07-31	0	0	0	0	0	0	9218	30	1029	0	0	0	0	0	0	0	0	0	14	10291
2081	Martinez Maldonado P	1021050	Cartera Desborde	2015-07-31	54	4	358.6851807	19369	0	0	5689	5	1963	0	0	0	0	0	0	0	0	0	0	27026
2301	Melendez Ramirez Nan	1021022	CARTERA_IDE	2015-07-31	0	0	0	0	0	0	23526	5	1916	0	0	0	0	0	0	0	357	0	0	25804
2183	Mendoza Ruiz Rene	1021045	Cartera Desborde	2015-07-31	17	4	297.3529358	5055	0	0	1867	0	1080	0	0	0	0	0	0	0	0	1	0	8003
2183	Mendoza Ruiz Rene	1021045	CARTERA_IDE	2015-07-31	0	0	0	0	0	0	16247	10	740	0	0	0	0	0	184	0	0	0	4	17185
2361	Murillo Valenzuela A	1021001	CARTERA_IDE	2015-07-31	0	0	0	0	0	0	21458	15	791	0	0	0	0	0	0	0	0	0	1	22265
2086	Ordonez Grajeda Jose	1021032	CARTERA_IDE	2015-07-31	0	0	0	0	0	0	13121	50	1461	0	0	0	0	0	0	0	0	0	1	14633
2032	Ortiz Lopez Alejandr	1021048	Cartera Desborde	2015-07-31	34	3	377.0588379	12820	0	0	3979	5	1093	0	0	0	0	0	0	0	0	0	0	17897
2032	Ortiz Lopez Alejandr	1021048	CARTERA_IDE	2015-07-31	0	0	0	0	0	0	12346	5	1358	0	0	0	0	0	0	0	0	0	0	13709
2087	Ortiz Mendoza Jessic	1021077	Cartera Desborde	2015-07-31	4	2	421	1684	0	0	2173	10	0	0	0	0	0	0	0	0	0	0	0	3867
2364	Ortiz Valenzuela Ces	1021046	CARTERA_IDE	2015-07-31	0	0	0	0	0	0	17152	5	1118	0	0	0	0	0	0	0	0	0	0	18275
2336	Peña Avalos Luis	1021056	CARTERA_IDE	2015-07-31	0	0	0	0	0	0	13093	5	1281	0	0	0	0	0	0	0	0	0	1	14380
2371	Perez Escobar Ibet	1021047	CARTERA_IDE	2015-07-31	0	0	0	0	0	0	23548	5	1901	0	0	0	0	0	0	0	0	0	2	25456
2142	Perez Talamantes Mel	1021028	Cartera Desborde	2015-07-31	44	0	405.1590881	17827	0	0	3150	129	1237	0	0	0	0	0	0	0	0	0	0	22343
2142	Perez Talamantes Mel	1021028	CARTERA_IDE	2015-07-31	0	0	0	0	0	0	6277	5	973	0	0	0	0	0	0	0	0	0	1	7256
2015	Porras Varela Ana	1021064	Cartera Desborde	2015-07-31	9	0	408.444458	3676	0	0	218	22	151	0	0	0	0	0	0	0	0	0	4	4071
2906	Rascon Tolentino Edg	1021054	Cartera Desborde	2015-07-31	7	1	393.4285584	2754	0	0	0	5	0	0	0	0	0	0	10	0	0	0	0	2769
2216	Renova Banda Selene	1021066	CARTERA_IDE	2015-07-31	0	0	0	0	0	0	20943	5	1297	0	7	0	0	0	0	0	0	0	1	22253
2160	Salcedo Amezquita Iv	1021068	Cartera Desborde	2015-07-31	35	0	460.0285645	16101	0	0	3365	13	2022	0	0	0	0	0	0	0	0	0	6	21507
2294	Soto BustilloTeresa	1021016	CARTERA_IDE	2015-07-31	0	0	0	0	0	0	30604	15	1909	0	0	0	0	0	0	0	0	0	3	32531
2337	Torres Madrigal Nidi	1021062	CARTERA_IDE	2015-07-31	0	0	0	0	0	0	13976	576	1191	0	0	0	0	0	0	0	0	0	1	15744
2052	Uribe Moya Miguel	1021013	Cartera Desborde	2015-07-31	33	1	276.2121277	9115	0	0	429	5	36	0	0	0	0	0	0	0	0	0	0	9585
2052	Uribe Moya Miguel	1021013	CARTERA_IDE	2015-07-31	0	0	0	0	0	0	10977	5	1192	0	0	0	0	0	0	0	0	0	2	12176
2266	Vazquez Contreras Ju	1021052	CARTERA_IDE	2015-07-31	0	0	0	0	0	0	19700	15	1261	0	0	0	0	0	0	0	0	0	13	20989
2117	Zavala Velazquillo A	1021002	CARTERA_IDE	2015-07-31	0	0	0	0	0	0	16742	5	1444	0	0	0	0	0	0	0	0	0	1	18192
2326	Zubia Ballesteros Yo	1021052	CARTERA_IDE	2015-07-31	0	0	0	0	0	0	28180	15	765	0	0	0	0	0	0	0	0	0	6	28966
2175	Zubiate Carrillo Pau	1021023	CARTERA_IDE	2015-07-31	0	0	0	0	0	0	16251	16	1413	0	0	0	0	0	0	0	0	0	3	17683
