2391	Almora Hernandez Dam	1021060	Cartera Desborde	2015-08-07	0	0	0	0	0	0	0	55	0	0	0	0	0	0	0	0	0	0	0	55
2394	Ballesteros Medina E	1021060	Cartera Desborde	2015-08-07	0	0	0	0	0	0	3	5	0	0	0	0	0	0	0	0	0	0	0	8
2376	Blanco Amesquita Dan	1021060	Cartera Desborde	2015-08-07	0	0	0	0	0	0	0	6	0	0	0	0	0	0	0	0	0	0	0	6
2049	Cano Saenz Sarai	1021053	Cartera Desborde	2015-08-07	12	0	246.4166718	2957	0	0	1179	10	0	0	0	0	0	0	0	665	0	0	0	4811
2049	Cano Saenz Sarai	1021053	CARTERA_IDE	2015-08-07	0	0	0	0	0	0	20130	30	1870	0	0	0	0	0	0	0	0	0	2	22032
2382	Castillo Hernandez J	1021060	Cartera Desborde	2015-08-07	0	0	0	0	0	0	0	79	0	0	0	0	0	0	0	0	0	0	0	79
2365	Chacon Arzaga Josue	1021039	CARTERA_IDE	2015-08-07	0	0	0	0	0	0	13756	6	699	0	0	0	0	0	0	0	0	0	2	14463
2358	Chaparro Maicol Chri	1021001	CARTERA_IDE	2015-08-07	0	0	0	0	0	0	29745	10	2566	0	0	0	0	0	0	0	0	0	2	32323
2228	Chavez Quinones Josu	1021029	CARTERA_IDE	2015-08-07	0	0	0	0	0	0	13221	30	1089	0	879	0	0	0	0	0	0	0	0	15219
2352	Chavez Solis Linda	1021006	CARTERA_IDE	2015-08-07	0	0	0	0	0	0	12588	130	2389	0	0	0	0	0	0	0	0	0	5	15112
2352	Chavez Solis Linda	1021008	CARTERA_IDE	2015-08-07	0	0	0	0	0	0	3619	5	0	0	0	0	0	0	0	0	5665	0	3	9292
2168	Colomo Diaz Ivan	1021049	CARTERA_IDE	2015-08-07	0	0	0	0	0	0	26126	20	1954	0	599	0	0	0	351	0	219	0	3	29272
2331	Corral Ponce Veronic	1021077	CARTERA_IDE	2015-08-07	0	0	0	0	0	0	28405	10	1871	0	0	0	0	0	0	0	2316	0	1	32603
2268	Diaz Rivera Itzel	1021070	CARTERA_IDE	2015-08-07	0	0	0	0	0	0	13621	15	1302	0	0	0	0	0	0	1035	0	0	1	15974
2125	Dominguez Alarcon Is	1021033	CARTERA_IDE	2015-08-07	0	0	0	0	0	0	8773	5	975	0	0	0	0	0	0	0	0	0	0	9753
2362	Edgar Silva	1021009	Cartera Desborde	2015-08-07	3	0	140	420	0	0	351	6	27	0	0	0	0	0	0	0	0	0	1	805
2261	Espinona Quines Ar	1021067	CARTERA_IDE	2015-08-07	0	0	0	0	0	0	11104	30	1126	0	545	0	0	0	0	1029	0	0	18	13852
2383	Estrada Mujica Aleja	1021060	Cartera Desborde	2015-08-07	0	0	0	0	0	0	0	37	0	0	0	0	0	0	0	0	0	0	0	37
2170	Falcon Perez Luis	1021052	Cartera Desborde	2015-08-07	27	1	333.8518372	9014	0	0	3552	6	902	0	0	0	0	0	0	1036	0	1	0	14511
2156	Figueroa Marrufo Adr	1021023	Cartera Desborde	2015-08-07	3	2	18	54	0	0	0	5	0	0	0	0	0	0	0	0	0	0	0	59
2156	Figueroa Marrufo Adr	1021023	CARTERA_IDE	2015-08-07	0	0	0	0	0	0	28506	15	2107	0	0	0	0	0	0	1033	0	0	2	31663
2303	Flores Arras Claudia	1021078	CARTERA_IDE	2015-08-07	0	0	0	0	0	0	30230	289	1767	0	153	0	0	0	0	0	96	0	4	32539
2384	Flores Heredia Keyla	1021060	Cartera Desborde	2015-08-07	0	0	0	0	0	0	0	17	0	0	0	0	0	0	0	0	0	0	0	17
2172	Flores Murillo Denis	1021054	Cartera Desborde	2015-08-07	1	0	485	485	0	0	2398	10	0	0	0	0	0	0	0	0	0	0	0	2893
2172	Flores Murillo Denis	1021054	CARTERA_IDE	2015-08-07	0	0	0	0	0	0	26229	15	2455	0	0	0	0	0	0	0	0	0	0	28699
2372	Garcia Ortiz Ever	1021036	CARTERA_IDE	2015-08-07	0	0	0	0	0	0	16384	311	1200	0	199	0	0	0	474	0	0	0	1	18569
2072	Garcia Urtuzuastegui	1021058	CARTERA_IDE	2015-08-07	0	0	0	0	0	0	11032	10	1492	0	839	0	0	0	3922	0	15	0	2	17312
2327	Gonzalez Gonzalez Na	1021078	CARTERA_IDE	2015-08-07	0	0	0	0	0	0	4	10	0	0	0	0	0	0	0	876	0	0	0	890
2386	Grajeda Favela Jesus	1021060	Cartera Desborde	2015-08-07	0	0	0	0	0	0	0	21	0	0	0	0	0	0	0	0	0	0	0	21
2381	Guerra Lujan Honorio	1021060	Cartera Desborde	2015-08-07	0	0	0	0	0	0	0	76	0	0	0	0	0	0	0	0	0	0	0	76
2232	Haro Chavez Leslie	1021025	CARTERA_IDE	2015-08-07	0	0	0	0	0	0	13315	5	1089	0	0	0	0	0	0	0	0	0	1	14410
2243	Hernandez Macias Ana	1021065	CARTERA_IDE	2015-08-07	0	0	0	0	0	0	26515	10	1954	0	0	0	0	0	0	0	0	0	1	28480
2387	Hernandez Ramirez Ga	1021060	Cartera Desborde	2015-08-07	0	0	0	0	0	0	4	18	0	0	0	0	0	0	0	0	0	0	1	23
2262	Herrera Torres Danie	1021068	CARTERA_IDE	2015-08-07	0	0	0	0	0	0	12476	9	1037	0	0	0	0	0	0	0	0	0	0	13522
2350	Jaramillo Flores Ser	1021040	CARTERA_IDE	2015-08-07	0	0	0	0	0	0	6945	5	1243	0	437	381	0	0	0	0	0	0	1	9012
2229	Lara Clift Sylvia	1021009	CARTERA_IDE	2015-08-07	0	0	0	0	0	0	14442	5	1105	0	897	0	0	0	0	0	0	0	1	16450
2323	Lara Garcia Teresita	1021046	Cartera Desborde	2015-08-07	9	2	281.8888855	2537	0	0	4498	5	998	0	0	0	0	0	0	0	378	0	0	8416
2323	Lara Garcia Teresita	1021047	CARTERA_IDE	2015-08-07	0	0	0	0	0	0	14983	5	989	0	736	0	0	0	0	0	0	0	0	16713
2194	Leyva Rodriguez Ana	1021011	CARTERA_IDE	2015-08-07	0	0	0	0	0	0	30002	10	485	0	377	0	0	0	0	0	0	0	5	30879
2339	Leyva Rodriguez Serg	1021027	CARTERA_IDE	2015-08-07	0	0	0	0	0	0	28295	15	2230	0	0	0	0	0	0	0	0	0	3	30543
2385	Lira Torres Adriana	1021060	Cartera Desborde	2015-08-07	0	0	0	0	0	0	0	5	0	0	0	0	0	0	0	0	0	0	0	5
2392	Lopez Meraz Yessica	1021060	Cartera Desborde	2015-08-07	0	0	0	0	0	0	23	26	5	0	0	0	0	0	0	0	0	0	1	55
2368	Lopez Torres Luis	1021042	CARTERA_IDE	2015-08-07	0	0	0	0	0	0	15640	5	2646	0	0	0	0	0	0	0	0	0	1	18292
2224	Loya Martinez Bannel	1021021	Cartera Desborde	2015-08-07	2	2	9.5	19	0	0	7	5	0	0	0	0	0	0	0	0	0	0	0	35
2224	Loya Martinez Bannel	1021021	CARTERA_IDE	2015-08-07	0	0	0	0	0	0	22539	19	1963	0	72	0	0	0	0	0	0	0	7	24600
2332	Lujan Arais Sara	1021061	CARTERA_IDE	2015-08-07	0	0	0	0	0	0	22489	10	2846	0	66	0	0	165	0	0	0	0	2	25578
2042	Manjarrez L. Laura C	1021018	Cartera Desborde	2015-08-07	11	2	184.1818237	2026	0	0	1434	5	0	0	0	0	0	0	0	0	0	0	1	3466
2377	Marcial Mendoza Abel	1021060	Cartera Desborde	2015-08-07	0	0	0	0	0	0	0	13	0	0	0	0	0	0	0	0	0	0	0	13
2180	Marrufo martinez Cin	1021056	CARTERA_IDE	2015-08-07	0	0	0	0	0	0	14048	5	962	0	0	0	0	0	0	0	0	0	4	15019
2081	Martinez Maldonado P	1021050	CARTERA_IDE	2015-08-07	0	0	0	0	0	0	12238	5	940	0	158	0	0	0	0	0	0	0	5	13346
2379	Medina Hernandez Cri	1021060	Cartera Desborde	2015-08-07	0	0	0	0	0	0	0	5	0	0	0	0	0	0	0	0	0	0	0	5
2297	Medrano Cordero Daya	1021018	CARTERA_IDE	2015-08-07	0	0	0	0	0	0	22451	15	2467	0	369	0	0	0	0	0	0	0	1	25303
2301	Melendez Ramirez Nan	1021019	CARTERA_IDE	2015-08-07	0	0	0	0	0	0	22501	10	1847	0	343	0	0	0	0	0	430	0	1	25132
2359	Moreno Hernandez Lui	1021004	CARTERA_IDE	2015-08-07	0	0	0	0	0	0	23823	1500	1963	0	0	0	0	0	1325	1019	0	0	1	29631
2393	Morquecho Alejandra	1021060	Cartera Desborde	2015-08-07	0	0	0	0	0	0	0	13	0	0	0	0	0	0	0	0	0	0	0	13
2293	Muz Acosta Eric	1021007	CARTERA_IDE	2015-08-07	0	0	0	0	0	0	29521	25	2249	0	0	0	0	0	0	0	0	0	48	31843
2361	Murillo Valenzuela A	1021005	CARTERA_IDE	2015-08-07	0	0	0	0	0	0	19385	24	2386	0	731	0	0	0	0	0	0	0	0	22526
2086	Ordonez Grajeda Jose	1021013	CARTERA_IDE	2015-08-07	0	0	0	0	0	0	15640	5	902	0	0	0	0	0	0	0	0	0	4	16551
2032	Ortiz Lopez Alejandr	1021048	Cartera Desborde	2015-08-07	46	2	303.2173767	13948	0	0	14588	306	2397	0	363	0	0	0	14	0	0	0	1	31617
2364	Ortiz Valenzuela Ces	1021052	CARTERA_IDE	2015-08-07	0	0	0	0	0	0	17106	5	1158	0	378	0	0	0	0	0	0	0	0	18647
2390	Paredes Robles Thelm	1021060	Cartera Desborde	2015-08-07	0	0	0	0	0	0	0	32	0	0	0	0	0	0	0	0	0	0	0	32
2289	Pena Claro Laura	1021015	CARTERA_IDE	2015-08-07	0	0	0	0	0	0	12709	5	1442	0	458	0	0	0	0	0	0	0	0	14614
2336	Pe Avalos Luis	1021113	REA	2015-08-07	1	1	622	622	0	0	6122	30	0	0	0	0	0	0	0	0	0	0	6	6780
2351	Perez Chavarria Gabr	1021003	CARTERA_IDE	2015-08-07	0	0	0	0	0	0	20632	10	2031	0	0	0	0	0	0	0	0	0	1	22674
2351	Perez Chavarria Gabr	1021005	CARTERA_IDE	2015-08-07	0	0	0	0	0	0	7504	5	3	0	490	0	0	0	0	0	0	0	1	8003
2371	Perez Escobar Ibet	1021041	CARTERA_IDE	2015-08-07	0	0	0	0	0	0	17951	5	1139	0	659	0	0	0	64	0	0	0	0	19821
2333	Perez Sylva Yazmin	1021062	CARTERA_IDE	2015-08-07	0	0	0	0	0	0	29986	15	2351	0	345	0	0	0	0	0	0	0	2	32699
2142	Perez Talamantes Mel	1021028	Cartera Desborde	2015-08-07	32	0	390.09375	12483	0	0	10863	73	2281	0	0	0	0	0	0	0	0	0	5	25705
2142	Perez Talamantes Mel	1021028	CARTERA_IDE	2015-08-07	0	0	0	0	0	0	3286	10	0	0	0	0	0	0	0	0	0	0	1	3297
2216	Renova Banda Selene	1021066	CARTERA_IDE	2015-08-07	0	0	0	0	0	0	28975	10	2199	0	0	0	0	0	0	1024	156	0	1	32365
2388	Rivera Chavez Omar	1021060	Cartera Desborde	2015-08-07	1	1	3	3	0	0	0	97	0	0	0	0	0	0	0	0	0	0	0	100
2160	Salcedo Amezquita Iv	1021068	Cartera Desborde	2015-08-07	5	0	435.7999878	2179	0	0	2617	0	0	0	0	0	0	0	0	0	0	0	0	4796
2160	Salcedo Amezquita Iv	1021068	CARTERA_IDE	2015-08-07	0	0	0	0	0	0	10160	8	1002	0	0	0	0	0	0	0	236	0	5	11411
2294	Soto BustilloTeresa	1021014	CARTERA_IDE	2015-08-07	0	0	0	0	0	0	20889	10	2196	0	0	0	0	0	0	0	1893	0	3	24991
2389	Soto Marquez Laura	1021060	Cartera Desborde	2015-08-07	0	0	0	0	0	0	0	35	0	0	0	0	0	0	0	0	0	0	0	35
2337	Torres Madrigal Nidi	1021043	CARTERA_IDE	2015-08-07	0	0	0	0	0	0	13183	300	1098	0	222	0	0	0	0	0	125	0	0	14928
2052	Uribe Moya Miguel	1021012	CARTERA_IDE	2015-08-07	0	0	0	0	0	0	17294	5	1645	0	0	0	0	0	0	0	0	0	1	18945
2258	Valverde Villezcas J	1021077	CARTERA_IDE	2015-08-07	0	0	0	0	0	0	383	5	0	0	0	0	0	0	0	1031	0	0	0	1419
2117	Zavala Velazquillo A	1021002	CARTERA_IDE	2015-08-07	0	0	0	0	0	0	20078	5	1768	0	0	0	0	0	0	0	0	0	0	21851
2175	Zubiate Carrillo Pau	1021006	CARTERA_IDE	2015-08-07	0	0	0	0	0	0	6523	5	1062	0	1585	0	0	0	0	0	0	0	1	9176
