2346	Aguilar Santillanes	1021001	CARTERA_IDE	2015-08-18	0	0	0	0	0	0	7390	5	0	0	2521	0	0	0	3514	0	0	0	0	13430
2391	Almora Hernandez Dam	1021059	CARTERA_IDE	2015-08-18	0	0	0	0	0	0	15881	11	2192	0	0	1084	0	0	3200	0	0	0	62	22430
2394	Ballesteros Medina E	1021060	CARTERA_IDE	2015-08-18	0	0	0	0	0	0	21997	5	962	0	0	367	0	0	1693	0	0	0	1	25025
2370	Banuelos Barrera Dan	1021036	CARTERA_IDE	2015-08-18	0	0	0	0	0	0	26081	10	2402	0	0	0	0	0	0	0	0	0	1	28494
2202	Bencomo Lujan Jose	1021053	Cartera Desborde	2015-08-18	18	1	371.6666565	6690	0	0	3507	5	1267	0	0	0	0	0	0	0	0	0	1	11470
2202	Bencomo Lujan Jose	1021053	CARTERA_IDE	2015-08-18	0	0	0	0	0	0	5102	5	0	0	147	0	0	0	0	0	0	0	2	5256
2376	Blanco Amesquita Dan	1021053	CARTERA_IDE	2015-08-18	0	0	0	0	0	0	13396	133	860	0	0	377	0	0	1607	0	0	0	6	16379
2382	Castillo Hernandez J	1021044	Cartera Desborde	2015-08-18	0	0	0	0	0	0	591	5	0	0	0	0	0	0	0	0	0	0	0	596
2382	Castillo Hernandez J	1021044	CARTERA_IDE	2015-08-18	0	0	0	0	0	0	5513	24	1	0	0	1214	0	0	1791	0	0	0	9	8552
2314	Castillo Ruiz Ivan	1021011	CARTERA_IDE	2015-08-18	0	0	0	0	0	0	30551	15	1789	0	0	0	0	0	0	0	0	0	0	32355
2365	Chacon Arzaga Josue	1021039	CARTERA_IDE	2015-08-18	0	0	0	0	0	0	22573	5	1962	0	565	0	0	0	0	0	0	0	4	25109
2319	Chacon Reyes Rocio	1021009	CARTERA_IDE	2015-08-18	0	0	0	0	0	0	30209	10	1800	0	1099	0	0	0	0	0	0	0	2	33120
2358	Chaparro Maicol Chri	1021003	CARTERA_IDE	2015-08-18	0	0	0	0	0	0	16868	5	1288	0	0	0	0	0	0	0	0	0	30	18191
2228	Chavez Quinones Josu	1021031	CARTERA_IDE	2015-08-18	0	0	0	0	0	0	28803	30	2214	0	0	0	0	0	0	0	0	0	0	31047
2352	Chavez Solis Linda	1021002	CARTERA_IDE	2015-08-18	0	0	0	0	0	0	9612	5	1116	0	0	0	0	0	0	0	0	0	4	10737
2352	Chavez Solis Linda	1021005	CARTERA_IDE	2015-08-18	0	0	0	0	0	0	20890	15	160	0	0	0	0	0	0	0	0	0	7	21072
2146	Chavira Sifuentes Cr	1021021	CARTERA_IDE	2015-08-18	0	0	0	0	0	0	3777	5	0	0	0	0	0	0	0	0	0	0	0	3782
2168	Colomo Diaz Ivan	1021048	CARTERA_IDE	2015-08-18	0	0	0	0	0	0	17211	15	1005	0	0	0	0	0	0	0	679	0	7	18917
2251	Cordero Marquez Rafa	1021064	Cartera Desborde	2015-08-18	27	0	344.1481628	9292	0	0	4929	20	973	0	1859	0	0	0	198	0	0	0	0	17271
2251	Cordero Marquez Rafa	1021064	CARTERA_IDE	2015-08-18	0	0	0	0	0	0	9888	0	1070	0	0	0	0	0	1907	0	0	0	0	12865
2331	Corral Ponce Veronic	1021071	CARTERA_IDE	2015-08-18	0	0	0	0	0	0	17360	5	927	0	0	0	0	0	0	0	0	0	1	18293
2106	Cortez Valdez Ivan A	1021045	Cartera Desborde	2015-08-18	20	0	327.8999939	6558	0	0	8101	70	997	0	0	0	0	0	0	0	0	0	2	15728
2298	De los Angeles Chris	1021032	CARTERA_IDE	2015-08-18	0	0	0	0	0	0	15815	34	0	0	1618	0	0	0	0	0	0	0	6	17473
2268	Diaz Rivera Itzel	1021044	CARTERA_IDE	2015-08-18	0	0	0	0	0	0	114	10	0	0	0	0	0	0	0	0	0	0	2	126
2125	Dominguez Alarcon Is	1021047	CARTERA_IDE	2015-08-18	0	0	0	0	0	0	18404	10	1049	0	1537	0	0	0	0	0	0	0	0	21000
2261	Espinona Quiñones Ar	1021015	CARTERA_IDE	2015-08-18	0	0	0	0	0	0	4461	15	0	0	363	0	0	0	0	0	0	0	3	4842
2383	Estrada Mujica Aleja	1021068	CARTERA_IDE	2015-08-18	0	0	0	0	0	0	19193	153	1273	0	0	1004	0	0	348	0	0	0	5	21976
2170	Falcon Perez Luis	1021045	Cartera Desborde	2015-08-18	22	2	410.3181763	9027	0	0	7107	11	1207	0	0	0	0	0	0	0	0	0	1	17353
2170	Falcon Perez Luis	1021045	CARTERA_IDE	2015-08-18	0	0	0	0	0	0	3975	0	0	0	204	0	0	0	0	0	0	0	0	4179
2124	Fernandez Balvanera	1021048	CARTERA_IDE	2015-08-18	0	0	0	0	0	0	11311	16	1365	0	0	0	0	0	0	0	0	0	2	12694
2169	Fierro Alvarado Karl	1021061	CARTERA_IDE	2015-08-18	0	0	0	0	0	0	20075	10	1939	0	803	0	0	0	0	0	0	0	1	22828
2156	Figueroa Marrufo Adr	1021074	CARTERA_IDE	2015-08-18	0	0	0	0	0	0	18196	10	1197	0	241	0	0	0	0	0	0	0	1	19645
2303	Flores Arras Claudia	1021078	CARTERA_IDE	2015-08-18	0	0	0	0	0	0	29036	10	1660	0	1278	0	0	0	214	0	0	0	9	32207
2384	Flores Heredia Keyla	1021065	CARTERA_IDE	2015-08-18	0	0	0	0	0	0	18421	5	1067	0	0	447	0	0	1498	0	0	0	4	21442
2172	Flores Murillo Denis	1021049	Cartera Desborde	2015-08-18	0	0	0	0	0	0	824	38	0	0	0	0	0	0	0	0	0	0	0	862
2172	Flores Murillo Denis	1021049	CARTERA_IDE	2015-08-18	0	0	0	0	0	0	7327	0	1207	0	0	0	0	0	0	0	0	0	0	8534
2372	Garcia Ortiz Ever	1021046	CARTERA_IDE	2015-08-18	0	0	0	0	0	0	30339	26	1883	0	0	0	0	0	0	0	0	0	1	32249
2236	Gaytan Gallardo Vict	1021003	CARTERA_IDE	2015-08-18	0	0	0	0	0	0	13964	10	1128	0	0	0	0	928	0	0	0	0	0	16030
2327	Gonzalez Gonzalez Na	1021080	CARTERA_IDE	2015-08-18	0	0	0	0	0	0	16565	20	1092	0	834	0	0	0	0	0	0	0	4	18515
2386	Grajeda Favela Jesus	1021070	CARTERA_IDE	2015-08-18	0	0	0	0	0	0	29068	20	2122	0	0	857	0	0	1493	0	0	0	38	33598
2232	Haro Chavez Leslie	1021024	CARTERA_IDE	2015-08-18	0	0	0	0	0	0	21446	5	1979	0	0	0	0	0	0	0	0	0	1	23431
2243	Hernandez Macias Ana	1021044	CARTERA_IDE	2015-08-18	0	0	0	0	0	0	12967	31	1037	0	0	0	0	0	1064	0	0	0	1	15100
2387	Hernandez Ramirez Ga	1021012	CARTERA_IDE	2015-08-18	0	0	0	0	0	0	19721	10	775	0	0	509	0	0	424	0	0	0	1	21440
2262	Herrera Torres Danie	1021067	CARTERA_IDE	2015-08-18	0	0	0	0	0	0	22496	14	2528	0	0	0	0	0	0	0	0	0	1	25039
2107	Ibarra Enriquez Mari	1021043	CARTERA_IDE	2015-08-18	0	0	0	0	0	0	28942	15	1628	0	0	0	0	0	1763	0	0	0	4	32352
2350	Jaramillo Flores Ser	1021041	CARTERA_IDE	2015-08-18	0	0	0	0	0	0	21364	20	2613	0	0	0	0	0	0	0	0	0	2	23999
2229	Lara Clift Sylvia	1021013	CARTERA_IDE	2015-08-18	0	0	0	0	0	0	22566	10	2380	0	0	0	0	0	0	0	0	0	2	24958
2323	Lara Garcia Teresita	1021049	Cartera Desborde	2015-08-18	4	0	365.5	1462	0	0	621	0	872	0	395	0	0	0	0	0	0	0	0	3350
2323	Lara Garcia Teresita	1021049	CARTERA_IDE	2015-08-18	0	0	0	0	0	0	4698	5	0	0	0	0	0	0	1348	0	0	0	0	6051
2194	Leyva Rodriguez Ana	1021014	CARTERA_IDE	2015-08-18	0	0	0	0	0	0	21761	5	0	0	0	0	0	0	0	0	0	0	2	21768
2339	Leyva Rodriguez Serg	1021029	CARTERA_IDE	2015-08-18	0	0	0	0	0	0	22003	15	2248	0	242	0	0	0	0	0	0	0	1	24509
2385	Lira Torres Adriana	1021028	CARTERA_IDE	2015-08-18	0	0	0	0	0	0	13648	5	1196	0	0	490	0	0	0	0	0	0	3	15342
2392	Lopez Meraz Yessica	1021027	CARTERA_IDE	2015-08-18	0	0	0	0	0	0	12948	20	0	0	0	465	0	0	0	0	0	0	4	13437
2368	Lopez Torres Luis	1021040	CARTERA_IDE	2015-08-18	0	0	0	0	0	0	23274	175	865	0	0	0	0	0	0	0	1032	0	1	25347
2224	Loya Martinez Bannel	1021019	Cartera Desborde	2015-08-18	13	0	382.9230652	4978	0	0	2530	0	0	0	0	0	0	0	0	0	0	0	1	7509
2224	Loya Martinez Bannel	1021019	CARTERA_IDE	2015-08-18	0	0	0	0	0	0	12645	5	1287	0	290	0	0	0	0	0	0	0	0	14227
2332	Lujan Arais Sara	1021061	CARTERA_IDE	2015-08-18	0	0	0	0	0	0	11716	10	1243	0	129	0	0	0	0	0	0	0	2	13100
2377	Marcial Mendoza Abel	1021018	CARTERA_IDE	2015-08-18	0	0	0	0	0	0	25924	1171	1673	0	0	0	0	0	0	0	0	0	11	28779
2180	Marrufo martinez Cin	1021056	CARTERA_IDE	2015-08-18	0	0	0	0	0	0	20250	5	2147	2164	189	0	0	0	1257	0	0	0	1	26013
2081	Martinez Maldonado P	1021050	CARTERA_IDE	2015-08-18	0	0	0	0	0	0	19686	5	1885	2158	229	0	0	0	1298	0	0	0	2	25263
2181	medina Rivas Jazmin	1021022	CARTERA_IDE	2015-08-18	0	0	0	0	0	0	17899	10	1424	0	361	0	0	0	1371	103	0	0	0	21168
2297	Medrano Cordero Daya	1021018	CARTERA_IDE	2015-08-18	0	0	0	0	0	0	21382	20	2652	0	619	0	0	0	0	0	0	0	35	24708
2359	Moreno Hernandez Lui	1021026	CARTERA_IDE	2015-08-18	0	0	0	0	0	0	1369	5	0	0	0	0	0	0	415	0	0	0	1	1790
2393	Morquecho Alejandra	1021052	CARTERA_IDE	2015-08-18	0	0	0	0	0	0	16990	1510	4422	0	0	493	0	0	1991	0	0	0	5	25411
2293	Muñoz Acosta Eric	1021007	CARTERA_IDE	2015-08-18	0	0	0	0	0	0	16234	15	1869	0	0	0	0	0	0	0	0	0	14	18132
2086	Ordonez Grajeda Jose	1021073	CARTERA_IDE	2015-08-18	0	0	0	0	0	0	14527	5	1681	0	0	0	0	0	295	0	0	0	2	16510
2032	Ortiz Lopez Alejandr	1021048	Cartera Desborde	2015-08-18	0	0	0	0	0	0	854	5	0	0	0	0	0	0	0	0	0	0	0	859
2032	Ortiz Lopez Alejandr	1021048	CARTERA_IDE	2015-08-18	0	0	0	0	0	0	5477	2	1190	0	0	0	0	0	0	0	0	0	0	6669
2364	Ortiz Valenzuela Ces	1021057	CARTERA_IDE	2015-08-18	0	0	0	0	0	0	19071	10	1762	0	403	0	0	0	1374	0	0	0	0	22620
2215	Palomino Zaragoza Ma	1021066	CARTERA_IDE	2015-08-18	0	0	0	0	0	0	20897	5	2850	0	0	0	0	0	0	0	0	0	5	23757
2289	Pena Claro Laura	1021062	CARTERA_IDE	2015-08-18	0	0	0	0	0	0	22396	30	442	0	0	0	0	0	0	0	0	0	2	22870
2336	Peña Avalos Luis	1021067	Cartera Desborde	2015-08-18	1	0	341	341	0	0	456	0	0	0	0	0	0	0	0	0	0	0	0	797
2336	Peña Avalos Luis	1021067	CARTERA_IDE	2015-08-18	0	0	0	0	0	0	911	0	0	0	0	0	0	0	0	0	0	0	1	912
2336	Peña Avalos Luis	1021067	REA	2015-08-18	0	0	0	0	0	0	10003	15	0	0	0	0	0	0	0	0	0	0	1	10019
2351	Perez Chavarria Gabr	1021006	CARTERA_IDE	2015-08-18	0	0	0	0	0	0	15379	5	1464	0	1878	0	0	0	0	0	0	0	0	18726
2333	Perez Sylva Yazmin	1021058	CARTERA_IDE	2015-08-18	0	0	0	0	0	0	12812	5	824	0	652	0	0	0	0	0	62	0	1	14356
2142	Perez Talamantes Mel	1021028	Cartera Desborde	2015-08-18	12	0	373.5	4482	0	0	1265	0	0	0	0	0	0	0	0	0	0	0	0	5747
2142	Perez Talamantes Mel	1021028	CARTERA_IDE	2015-08-18	0	0	0	0	0	0	13553	15	1432	0	254	0	0	0	0	0	0	0	7	15261
2216	Renova Banda Selene	1021065	CARTERA_IDE	2015-08-18	0	0	0	0	0	0	9750	5	1084	0	683	0	0	0	0	0	0	0	0	11522
2216	Renova Banda Selene	1021068	CARTERA_IDE	2015-08-18	0	0	0	0	0	0	3102	5	0	0	0	0	0	0	0	0	0	0	0	3107
2388	Rivera Chavez Omar	1021077	CARTERA_IDE	2015-08-18	0	0	0	0	0	0	22531	5	1841	0	0	684	0	0	0	0	0	0	3	25064
2254	Ruiz Grajeda Sandra	1021034	CARTERA_IDE	2015-08-18	0	0	0	0	0	0	28633	10	1865	0	576	0	0	0	0	0	0	0	5	31089
2330	Salais Rincon Jorge	1021054	CARTERA_IDE	2015-08-18	0	0	0	0	0	0	11012	88	1293	0	425	0	0	0	0	0	291	0	9	13118
2160	Salcedo Amezquita Iv	1021056	CARTERA_IDE	2015-08-18	0	0	0	0	0	0	14203	160	1431	0	0	0	0	0	0	0	2060	0	2	17856
2237	Salinas Gonzalez Dan	1021054	Cartera Desborde	2015-08-18	10	1	445.8999939	4459	0	0	4585	5	1246	0	185	0	0	0	13	0	0	0	4	10497
2237	Salinas Gonzalez Dan	1021054	CARTERA_IDE	2015-08-18	0	0	0	0	0	0	3199	10	0	0	0	0	0	0	1503	0	0	0	5	4717
2294	Soto BustilloTeresa	1021015	CARTERA_IDE	2015-08-18	0	0	0	0	0	0	14977	5	1277	0	0	0	0	0	0	0	0	0	2	16261
2389	Soto Marquez Laura	1021011	CARTERA_IDE	2015-08-18	0	0	0	0	0	0	25136	6	963	0	0	363	0	0	0	0	0	0	4	26472
2052	Uribe Moya Miguel	1021012	Cartera Desborde	2015-08-18	17	1	374.5294189	6367	0	0	9864	5	927	0	0	0	0	0	0	0	308	0	2	17473
2052	Uribe Moya Miguel	1021012	CARTERA_IDE	2015-08-18	0	0	0	0	0	0	4141	10	0	0	0	0	0	0	0	0	0	0	1	4152
2258	Valverde Villezcas J	1021079	CARTERA_IDE	2015-08-18	0	0	0	0	0	0	28142	10	1768	0	388	0	0	0	385	0	0	0	0	30693
2266	Vazquez Contreras Ju	1021072	CARTERA_IDE	2015-08-18	0	0	0	0	0	0	14626	5	1057	0	711	0	0	0	0	0	0	0	4	16403
2117	Zavala Velazquillo A	1021002	CARTERA_IDE	2015-08-18	0	0	0	0	0	0	19822	5	2070	0	0	0	0	0	0	0	0	0	0	21897
