2905	Alvidrez Romero Ivan	1021090	Cartera Desborde	2015-08-24	2	1	159.5	319	0	0	0	10	0	0	0	0	0	0	0	0	0	0	0	1057
2394	Ballesteros Medina E	1021028	CARTERA_IDE	2015-08-24	0	0	0	0	0	0	20817	15	2267	0	0	1269	0	0	0	0	0	0	5	24373
2370	Banuelos Barrera Dan	1021036	CARTERA_IDE	2015-08-24	0	0	0	0	0	0	19892	10	2174	0	0	0	0	0	0	0	0	0	2	22078
2376	Blanco Amesquita Dan	1021053	CARTERA_IDE	2015-08-24	0	0	0	0	0	0	17036	15	918	0	0	1081	0	0	0	0	0	0	13	19063
2049	Cano Saenz Sarai	1021053	Cartera Desborde	2015-08-24	14	0	325.9285584	4563	0	0	7356	15	1146	0	0	0	0	0	0	1102	0	0	0	14182
2049	Cano Saenz Sarai	1021039	CARTERA_IDE	2015-08-24	0	0	0	0	0	0	5876	10	0	0	0	0	0	0	345	0	919	0	0	7150
2365	Chacon Arzaga Josue	1021039	CARTERA_IDE	2015-08-24	0	0	0	0	0	0	30947	10	1594	0	0	0	0	0	0	0	0	0	3	32554
2319	Chacon Reyes Rocio	1021009	CARTERA_IDE	2015-08-24	0	0	0	0	0	0	25705	15	2014	0	0	0	0	0	0	1316	0	0	4	29054
2358	Chaparro Maicol Chri	1021001	CARTERA_IDE	2015-08-24	0	0	0	0	0	0	16329	5	1165	0	0	0	0	0	0	0	0	0	0	17499
2352	Chavez Solis Linda	1021047	CARTERA_IDE	2015-08-24	0	0	0	0	0	0	5249	5	0	0	0	0	0	0	0	0	192	0	3	5449
2352	Chavez Solis Linda	1021005	CARTERA_IDE	2015-08-24	0	0	0	0	0	0	26201	10	2075	0	0	0	0	0	0	0	0	0	3	28289
2168	Colomo Diaz Ivan	1021049	Cartera Desborde	2015-08-24	27	0	384.1111145	10371	0	0	9067	0	1417	0	0	0	0	0	0	1323	0	0	1	22179
2168	Colomo Diaz Ivan	1021049	CARTERA_IDE	2015-08-24	0	0	0	0	0	0	9	5	0	0	0	0	0	0	0	0	0	0	0	14
2251	Cordero Marquez Rafa	1021056	Cartera Desborde	2015-08-24	34	0	445.4117737	15144	0	0	3445	11	1119	0	164	0	0	0	0	1338	0	0	1	21222
2251	Cordero Marquez Rafa	1021056	CARTERA_IDE	2015-08-24	0	0	0	0	0	0	5702	10	945	0	0	0	0	0	0	0	0	0	0	6657
2331	Corral Ponce Veronic	1021064	CARTERA_IDE	2015-08-24	0	0	0	0	0	0	5600	5	427	0	0	0	0	0	0	1100	0	0	0	7132
2331	Corral Ponce Veronic	1021070	CARTERA_IDE	2015-08-24	0	0	0	0	0	0	10484	5	372	0	0	0	0	0	769	0	0	0	0	11630
2106	Cortez Valdez Ivan A	1021073	CARTERA_IDE	2015-08-24	0	0	0	0	0	0	17777	20	930	0	0	0	0	0	0	0	0	0	1	18728
2106	Cortez Valdez Ivan A	1021032	CARTERA_IDE	2015-08-24	0	0	0	0	0	0	6767	6	898	0	293	0	0	0	0	1372	0	0	0	9336
2298	De los Angeles Chris	1021032	CARTERA_IDE	2015-08-24	0	0	0	0	0	0	3864	20	0	0	0	0	0	0	0	0	0	0	16	3900
2268	Diaz Rivera Itzel	1021062	CARTERA_IDE	2015-08-24	0	0	0	0	0	0	15531	10	1434	0	278	0	0	0	0	1326	0	0	1	18580
2383	Estrada Mujica Aleja	1021044	CARTERA_IDE	2015-08-24	0	0	0	0	0	0	10945	5	869	0	1133	803	0	0	0	0	0	0	4	13759
2170	Falcon Perez Luis	1021047	Cartera Desborde	2015-08-24	9	0	439.555542	3956	0	0	3731	10	779	0	77	0	0	0	0	0	23	0	1	8577
2170	Falcon Perez Luis	1021047	CARTERA_IDE	2015-08-24	0	0	0	0	0	0	7143	5	0	0	748	0	0	0	0	955	65	0	0	8916
2124	Fernandez Balvanera	1021073	CARTERA_IDE	2015-08-24	0	0	0	0	0	0	10672	34	587	0	90	0	0	0	0	0	0	0	5	11388
2156	Figueroa Marrufo Adr	1021064	CARTERA_IDE	2015-08-24	0	0	0	0	0	0	9319	5	1342	0	63	0	0	0	0	0	0	0	1	10730
2156	Figueroa Marrufo Adr	1021072	CARTERA_IDE	2015-08-24	0	0	0	0	0	0	8022	6	0	0	0	0	0	0	0	0	0	0	0	8028
2303	Flores Arras Claudia	1021078	CARTERA_IDE	2015-08-24	0	0	0	0	0	0	26163	15	1340	0	902	0	0	0	0	0	0	0	6	28426
2384	Flores Heredia Keyla	1021065	CARTERA_IDE	2015-08-24	0	0	0	0	0	0	19581	5	514	0	0	0	0	0	0	0	0	0	3	20103
2172	Flores Murillo Denis	1021049	Cartera Desborde	2015-08-24	24	0	434.625	10431	0	0	1712	10	6	0	0	0	0	0	0	0	0	0	0	12159
2172	Flores Murillo Denis	1021049	CARTERA_IDE	2015-08-24	0	0	0	0	0	0	6855	5	1199	0	0	0	0	0	0	0	0	0	0	8059
2372	Garcia Ortiz Ever	1021045	Cartera Desborde	2015-08-24	0	0	0	0	0	0	0	457	0	0	0	0	0	0	0	0	0	0	0	457
2372	Garcia Ortiz Ever	1021045	CARTERA_IDE	2015-08-24	0	0	0	0	0	0	28706	233	2313	0	3	0	0	0	498	0	0	0	3	31756
2072	Garcia Urtuzuastegui	1021043	CARTERA_IDE	2015-08-24	0	0	0	0	0	0	195	5	0	53	0	0	0	0	0	0	434	0	0	687
2072	Garcia Urtuzuastegui	1021064	CARTERA_IDE	2015-08-24	0	0	0	0	0	0	7299	5	502	0	0	0	0	0	73	0	0	0	0	7879
2327	Gonzalez Gonzalez Na	1021054	CARTERA_IDE	2015-08-24	0	0	0	0	0	0	21125	30	3263	0	444	0	0	0	0	579	581	0	9	26031
2386	Grajeda Favela Jesus	1021070	CARTERA_IDE	2015-08-24	0	0	0	0	0	0	13539	5	1631	0	0	0	0	0	0	0	0	0	2	15177
2232	Haro Chavez Leslie	1021022	CARTERA_IDE	2015-08-24	0	0	0	0	0	0	21479	10	2136	0	1366	0	0	0	0	0	0	0	3	24994
2243	Hernandez Macias Ana	1021044	CARTERA_IDE	2015-08-24	0	0	0	0	0	0	23843	252	1831	0	0	0	0	0	0	0	13	0	1	25940
2243	Hernandez Macias Ana	1021065	CARTERA_IDE	2015-08-24	0	0	0	0	0	0	1992	5	0	0	0	0	0	0	0	1335	0	0	1	3333
2387	Hernandez Ramirez Ga	1021031	CARTERA_IDE	2015-08-24	0	0	0	0	0	0	14467	5	1138	0	2088	0	0	0	0	1349	0	0	4	19051
2252	Hinostroza Diego	1021057	Cartera Desborde	2015-08-24	12	1	281.0833435	3373	0	0	453	5	0	0	0	0	0	0	0	0	0	0	0	3831
2107	Ibarra Enriquez Mari	1021057	CARTERA_IDE	2015-08-24	0	0	0	0	0	0	1881	10	0	0	0	0	0	0	0	0	0	0	4	1895
2350	Jaramillo Flores Ser	1021031	CARTERA_IDE	2015-08-24	0	0	0	0	0	0	1654	5	0	0	0	0	0	0	0	0	0	0	1	1660
2323	Lara Garcia Teresita	1021048	Cartera Desborde	2015-08-24	16	1	410.6875	6571	0	0	5483	5	1023	0	0	0	0	0	0	0	0	0	0	13082
2323	Lara Garcia Teresita	1021047	CARTERA_IDE	2015-08-24	0	0	0	0	0	0	15863	10	1149	0	0	0	0	0	0	0	0	0	5	17027
2194	Leyva Rodriguez Ana	1021012	CARTERA_IDE	2015-08-24	0	0	0	0	0	0	29614	15	0	0	0	0	0	0	116	0	0	0	8	29753
2385	Lira Torres Adriana	1021029	CARTERA_IDE	2015-08-24	0	0	0	0	0	0	19675	5	1280	0	0	0	0	0	0	1146	0	0	0	22106
2392	Lopez Meraz Yessica	1021027	CARTERA_IDE	2015-08-24	0	0	0	0	0	0	27775	10	1567	0	1374	1037	0	0	0	0	1230	0	7	33000
2368	Lopez Torres Luis	1021041	CARTERA_IDE	2015-08-24	0	0	0	0	0	0	13041	10	1222	0	1603	0	0	0	0	1463	0	0	2	17341
2224	Loya Martinez Bannel	1021019	Cartera Desborde	2015-08-24	15	0	329.1333313	4937	0	0	1115	0	0	0	0	0	0	0	0	0	0	0	1	6053
2224	Loya Martinez Bannel	1021019	CARTERA_IDE	2015-08-24	0	0	0	0	0	0	7322	10	1111	0	0	0	0	0	0	0	0	0	2	8445
2332	Lujan Arais Sara	1021061	CARTERA_IDE	2015-08-24	0	0	0	0	0	0	20241	15	2481	0	0	0	0	0	0	0	0	0	1	22738
2180	Marrufo martinez Cin	1021052	Cartera Desborde	2015-08-24	18	1	385.6666565	6942	0	0	280	5	189	0	0	0	0	0	0	0	0	0	1	7417
2180	Marrufo martinez Cin	1021052	CARTERA_IDE	2015-08-24	0	0	0	0	0	0	9138	5	1200	0	0	0	0	0	0	0	0	0	0	10343
2080	Martinez Maldonado E	1021051	Cartera Desborde	2015-08-24	11	1	463.3636475	5097	0	0	1862	5	7	0	274	0	0	0	0	0	0	0	4	7249
2080	Martinez Maldonado E	1021051	CARTERA_IDE	2015-08-24	0	0	0	0	0	0	18954	15	1791	0	798	0	0	0	0	0	0	0	10	21568
2081	Martinez Maldonado P	1021050	Cartera Desborde	2015-08-24	12	0	477.1666565	5726	0	0	2229	0	3	0	0	0	0	0	0	0	0	0	0	7958
2081	Martinez Maldonado P	1021050	CARTERA_IDE	2015-08-24	0	0	0	0	0	0	15534	5	1905	0	0	0	0	0	0	0	0	0	0	17444
2181	medina Rivas Jazmin	1021023	CARTERA_IDE	2015-08-24	0	0	0	0	0	0	11403	15	1154	0	473	0	0	0	860	1323	0	0	2	15230
2297	Medrano Cordero Daya	1021021	CARTERA_IDE	2015-08-24	0	0	0	0	0	0	21338	15	2832	0	715	0	0	0	0	0	3	0	1	24904
2301	Melendez Ramirez Nan	1021075	CARTERA_IDE	2015-08-24	0	0	0	0	0	0	1796	10	0	0	0	0	0	0	0	0	464	0	0	2270
2393	Morquecho Alejandra	1021060	CARTERA_IDE	2015-08-24	0	0	0	0	0	0	21696	122	2071	0	915	60	0	0	555	0	0	0	7	25426
2293	Muñoz Acosta Eric	1021007	CARTERA_IDE	2015-08-24	0	0	0	0	0	0	29238	25	1974	0	467	0	0	0	0	0	0	0	23	31727
2086	Ordonez Grajeda Jose	1021033	CARTERA_IDE	2015-08-24	0	0	0	0	0	0	19366	10	1996	0	811	0	0	0	0	1402	0	0	5	23590
2032	Ortiz Lopez Alejandr	1021048	Cartera Desborde	2015-08-24	34	4	358.7352905	12197	0	0	6792	10	966	0	0	0	0	0	0	0	0	0	5	19970
2087	Ortiz Mendoza Jessic	1021082	Cartera Desborde	2015-08-24	2	0	388.5	777	0	0	14	5	0	0	0	0	0	0	0	0	0	0	0	796
2364	Ortiz Valenzuela Ces	1021058	CARTERA_IDE	2015-08-24	0	0	0	0	0	0	15448	8	1229	0	0	0	0	0	0	0	0	0	0	16685
2215	Palomino Zaragoza Ma	1021061	CARTERA_IDE	2015-08-24	0	0	0	0	0	0	29782	15	2346	0	349	0	0	0	0	1326	0	0	7	33825
2336	Peña Avalos Luis	1021043	CARTERA_IDE	2015-08-24	0	0	0	0	0	0	3657	5	0	0	0	0	0	0	0	0	0	0	1	3663
2336	Peña Avalos Luis	1021113	REA	2015-08-24	4	1	131.5	526	0	0	6628	20	0	0	0	0	0	0	0	0	0	0	2	7176
2351	Perez Chavarria Gabr	1021003	CARTERA_IDE	2015-08-24	0	0	0	0	0	0	30795	15	2257	0	0	0	0	0	0	0	0	0	4	33071
2333	Perez Sylva Yazmin	1021062	CARTERA_IDE	2015-08-24	0	0	0	0	0	0	23221	5	1708	0	0	0	0	0	0	0	328	0	0	25262
2142	Perez Talamantes Mel	1021028	CARTERA_IDE	2015-08-24	0	0	0	0	0	0	6191	5	1198	1084	0	0	0	0	0	0	0	0	2	8480
2216	Renova Banda Selene	1021057	CARTERA_IDE	2015-08-24	0	0	0	0	0	0	13458	19	1046	0	668	0	0	0	0	1323	0	0	0	16514
2388	Rivera Chavez Omar	1021077	CARTERA_IDE	2015-08-24	0	0	0	0	0	0	28638	15	1736	0	1471	525	0	0	0	0	0	0	21	32406
2363	Ruiz Daniel	1021031	Cartera Desborde	2015-08-24	2	0	660.5	1321	0	0	0	19	14	0	0	0	0	0	0	0	0	0	0	1354
2254	Ruiz Grajeda Sandra	1021067	CARTERA_IDE	2015-08-24	0	0	0	0	0	0	12497	5	1101	0	0	0	0	0	0	0	0	0	5	13608
2160	Salcedo Amezquita Iv	1021051	Cartera Desborde	2015-08-24	2	0	633.5	1267	0	0	3442	32	2	0	0	0	0	0	0	1331	0	0	6	6080
2160	Salcedo Amezquita Iv	1021051	CARTERA_IDE	2015-08-24	0	0	0	0	0	0	9883	75	1125	0	0	0	0	0	0	0	0	0	1	11084
2237	Salinas Gonzalez Dan	1021054	Cartera Desborde	2015-08-24	29	2	360.9655151	10468	0	0	565	0	1024	0	0	0	0	0	0	0	0	0	0	12057
2237	Salinas Gonzalez Dan	1021054	CARTERA_IDE	2015-08-24	0	0	0	0	0	0	5620	5	0	0	0	0	0	0	0	0	0	0	0	5625
2294	Soto BustilloTeresa	1021015	CARTERA_IDE	2015-08-24	0	0	0	0	0	0	26876	10	2337	0	0	0	0	0	0	0	0	0	2	29225
2389	Soto Marquez Laura	1021011	CARTERA_IDE	2015-08-24	0	0	0	0	0	0	22621	5	1926	0	884	326	0	0	0	0	0	0	1	25763
2052	Uribe Moya Miguel	1021013	Cartera Desborde	2015-08-24	60	3	260.1499939	15609	0	0	3216	0	1868	0	1168	0	0	0	0	0	0	0	0	21861
2052	Uribe Moya Miguel	1021012	CARTERA_IDE	2015-08-24	0	0	0	0	0	0	2936	15	0	0	0	0	0	0	0	0	0	0	1	2952
2258	Valverde Villezcas J	1021079	CARTERA_IDE	2015-08-24	0	0	0	0	0	0	16393	5	1251	0	458	0	0	0	0	0	0	0	1	18108
2266	Vazquez Contreras Ju	1021043	CARTERA_IDE	2015-08-24	0	0	0	0	0	0	13702	10	838	0	0	0	0	0	0	1220	0	0	5	15775
2117	Zavala Velazquillo A	1021002	CARTERA_IDE	2015-08-24	0	0	0	0	0	0	23260	11	2010	0	0	0	0	0	0	0	0	0	2	25283
2175	Zubiate Carrillo Pau	1021080	CARTERA_IDE	2015-08-24	0	0	0	0	0	0	23737	15	2324	0	0	0	0	0	0	0	0	0	4	26080
