2346	Aguilar Santillanes	1021006	CARTERA_IDE	2015-07-21	0	0	0	0	0	0	16767	134	1454	0	0	0	0	0	0	0	0	0	0	18355
2370	Banuelos Barrera Dan	1021036	CARTERA_IDE	2015-07-21	0	0	0	0	0	0	27889	20	2121	0	0	0	0	0	0	0	0	0	42	30072
2202	Bencomo Lujan Jose	1021054	Cartera Desborde	2015-07-21	38	1	524.9736938	19949	0	0	7272	10	1583	0	0	0	0	0	0	0	0	0	1	28815
2049	Cano Saenz Sarai	1021031	CARTERA_IDE	2015-07-21	0	0	0	0	0	0	127	5	0	0	0	0	0	0	0	0	0	0	1	133
2314	Castillo Ruiz Ivan	1021016	CARTERA_IDE	2015-07-21	0	0	0	0	0	0	30950	10	1760	0	0	0	0	0	0	0	0	0	0	32720
2310	Cazares Catano Vera	1021056	CARTERA_IDE	2015-07-21	0	0	0	0	0	0	26130	15	2504	0	0	0	0	0	0	0	0	0	5	28654
2365	Chacon Arzaga Josue	1021048	CARTERA_IDE	2015-07-21	0	0	0	0	0	0	30130	993	595	0	724	0	0	0	0	0	0	0	6	32448
2319	Chacon Reyes Rocio	1021009	CARTERA_IDE	2015-07-21	0	0	0	0	0	0	31286	10	1404	0	0	0	0	0	0	0	0	0	3	32703
2358	Chaparro Maicol Chri	1021004	CARTERA_IDE	2015-07-21	0	0	0	0	0	0	25929	10	2197	0	0	0	0	0	0	0	0	0	1	28137
2228	Chavez Quinones Josu	1021029	CARTERA_IDE	2015-07-21	0	0	0	0	0	0	27673	40	2526	0	0	0	0	0	0	0	0	0	0	30239
2352	Chavez Solis Linda	1021035	CARTERA_IDE	2015-07-21	0	0	0	0	0	0	5949	256	1141	0	0	0	0	0	0	0	290	0	2	7638
2352	Chavez Solis Linda	1021005	CARTERA_IDE	2015-07-21	0	0	0	0	0	0	19841	1048	680	0	0	0	0	0	138	0	0	0	2	21709
2146	Chavira Sifuentes Cr	1021021	CARTERA_IDE	2015-07-21	0	0	0	0	0	0	7941	5	699	0	0	0	0	0	0	0	0	0	1	8646
2168	Colomo Diaz Ivan	1021054	Cartera Desborde	2015-07-21	11	0	326	3586	0	0	7008	10	876	0	814	0	0	0	0	0	120	0	3	12417
2251	Cordero Marquez Rafa	1021064	Cartera Desborde	2015-07-21	1	0	1097	1097	0	0	0	0	0	0	0	0	0	0	0	0	0	0	0	1097
2251	Cordero Marquez Rafa	1021064	CARTERA_IDE	2015-07-21	0	0	0	0	0	0	14027	25	1438	0	0	0	0	0	0	0	8	0	7	15505
2331	Corral Ponce Veronic	1021079	CARTERA_IDE	2015-07-21	0	0	0	0	0	0	27248	15	1975	0	640	0	0	0	0	0	1276	0	5	31159
2106	Cortez Valdez Ivan A	1021013	CARTERA_IDE	2015-07-21	0	0	0	0	0	0	16621	20	2421	0	1321	0	0	0	0	0	0	0	2	20385
2106	Cortez Valdez Ivan A	1021065	CARTERA_IDE	2015-07-21	0	0	0	0	0	0	4690	11	0	0	0	0	0	0	0	0	0	0	2	4703
2268	Diaz Rivera Itzel	1021067	CARTERA_IDE	2015-07-21	0	0	0	0	0	0	28738	496	2235	0	0	0	0	0	0	0	27	0	3	31499
2170	Falcon Perez Luis	1021045	Cartera Desborde	2015-07-21	16	0	371.6875	5947	0	0	3634	5	838	0	0	0	0	0	0	0	0	0	0	10424
2170	Falcon Perez Luis	1021045	CARTERA_IDE	2015-07-21	0	0	0	0	0	0	6842	0	458	0	2077	0	0	0	0	0	0	0	0	9377
2169	Fierro Alvarado Karl	1021052	CARTERA_IDE	2015-07-21	0	0	0	0	0	0	15982	35	1218	0	0	0	0	0	0	0	0	0	1	17236
2303	Flores Arras Claudia	1021023	CARTERA_IDE	2015-07-21	0	0	0	0	0	0	31006	20	1657	0	209	0	0	0	0	0	0	0	10	32902
2145	Frías Ruiz José Fran	1021049	CARTERA_IDE	2015-07-21	0	0	0	0	0	0	6557	5	667	0	0	0	0	0	0	0	0	0	0	7229
2372	Garcia Ortiz Ever	1021039	CARTERA_IDE	2015-07-21	0	0	0	0	0	0	28879	137	1949	0	1513	0	0	0	0	0	0	0	2	32480
2115	Garcia Urtuzastegui	1021057	CARTERA_IDE	2015-07-21	0	0	0	0	0	0	16517	5	1865	0	0	0	0	0	0	0	0	0	1	18388
2072	Garcia Urtuzuastegui	1021032	CARTERA_IDE	2015-07-21	0	0	0	0	0	0	86	5	0	0	193	0	0	0	0	0	0	0	0	284
2236	Gaytan Gallardo Vict	1021017	CARTERA_IDE	2015-07-21	0	0	0	0	0	0	29443	10	2908	0	0	0	0	0	0	0	0	0	0	32361
2327	Gonzalez Gonzalez Na	1021077	CARTERA_IDE	2015-07-21	0	0	0	0	0	0	12895	20	1419	0	436	0	0	0	0	0	595	0	10	15375
2327	Gonzalez Gonzalez Na	1021008	CARTERA_IDE	2015-07-21	0	0	0	0	0	0	1946	5	0	0	1677	0	0	0	0	0	4131	0	0	7759
2232	Haro Chavez Leslie	1021026	CARTERA_IDE	2015-07-21	0	0	0	0	0	0	17061	10	1327	3027	0	0	0	0	0	0	106	0	2	21533
2243	Hernandez Macias Ana	1021044	CARTERA_IDE	2015-07-21	0	0	0	0	0	0	21127	10	1542	0	0	0	0	0	0	0	0	0	0	22679
2366	Honorato Dominguez S	1021074	CARTERA_IDE	2015-07-21	0	0	0	0	0	0	10899	5	1329	0	0	0	0	0	0	0	0	0	1	12234
2107	Ibarra Enriquez Mari	1021043	CARTERA_IDE	2015-07-21	0	0	0	0	0	0	30740	10	1862	0	0	0	0	0	0	0	0	0	3	32615
2350	Jaramillo Flores Ser	1021040	CARTERA_IDE	2015-07-21	0	0	0	0	0	0	28818	10	2442	0	704	0	0	0	0	0	0	0	1	31975
2229	Lara Clift Sylvia	1021012	CARTERA_IDE	2015-07-21	0	0	0	0	0	0	22989	5	2278	0	0	0	0	0	0	0	0	0	1	25273
2194	Leyva Rodriguez Ana	1021011	CARTERA_IDE	2015-07-21	0	0	0	0	0	0	21151	5	1682	0	0	0	0	0	0	0	0	0	3	22841
2177	Lopez Garcia Tanya	1021024	CARTERA_IDE	2015-07-21	0	0	0	0	0	0	22435	34	2493	0	0	0	0	0	0	0	0	0	0	24962
2368	Lopez Torres Luis	1021001	CARTERA_IDE	2015-07-21	0	0	0	0	0	0	20964	6	2377	0	2124	0	0	0	0	51	0	0	1	25523
2224	Loya Martinez Bannel	1021019	Cartera Desborde	2015-07-21	3	1	343	1029	0	0	0	11	0	0	0	0	0	0	0	0	0	0	0	1040
2224	Loya Martinez Bannel	1021019	CARTERA_IDE	2015-07-21	0	0	0	0	0	0	14994	22	1952	0	0	0	0	0	0	0	0	0	1	16969
2332	Lujan Arais Sara	1021061	CARTERA_IDE	2015-07-21	0	0	0	0	0	0	22061	15	1208	0	1148	0	0	0	0	0	0	0	9	24441
2098	Mancha Castaneda Isi	1021015	CARTERA_IDE	2015-07-21	0	0	0	0	0	0	9499	5	0	0	0	0	0	0	0	0	0	0	4	9508
2180	Marrufo martinez Cin	1021058	CARTERA_IDE	2015-07-21	0	0	0	0	0	0	19581	11	2101	0	0	0	0	0	0	0	0	0	3	21696
2080	Martinez Maldonado E	1021046	CARTERA_IDE	2015-07-21	0	0	0	0	0	0	5563	71	0	0	257	0	0	0	0	0	0	0	2	5893
2081	Martinez Maldonado P	1021045	Cartera Desborde	2015-07-21	0	0	0	0	0	0	303	5	0	0	0	0	0	0	0	0	0	0	0	308
2081	Martinez Maldonado P	1021045	CARTERA_IDE	2015-07-21	0	0	0	0	0	0	5263	5	0	0	0	0	0	0	0	0	0	0	1	5269
2181	medina Rivas Jazmin	1021024	CARTERA_IDE	2015-07-21	0	0	0	0	0	0	22288	143	1996	0	0	0	0	0	0	0	164	0	2	24593
2297	Medrano Cordero Daya	1021018	CARTERA_IDE	2015-07-21	0	0	0	0	0	0	29808	20	2118	0	0	0	0	0	0	0	0	0	2	31948
2301	Melendez Ramirez Nan	1021022	CARTERA_IDE	2015-07-21	0	0	0	0	0	0	26082	10	1751	0	816	0	0	0	294	0	228	0	1	29182
2183	Mendoza Ruiz Rene	1021050	CARTERA_IDE	2015-07-21	0	0	0	0	0	0	19387	5	2040	0	0	0	0	0	0	0	0	0	1	21433
2359	Moreno Hernandez Lui	1021034	CARTERA_IDE	2015-07-21	0	0	0	0	0	0	27220	999	2862	0	0	0	0	0	0	0	0	0	2	31083
2293	Munoz Acosta Eric	1021007	CARTERA_IDE	2015-07-21	0	0	0	0	0	0	26401	20	1977	0	0	0	0	0	0	0	0	0	20	28418
2361	Murillo Valenzuela A	1021003	CARTERA_IDE	2015-07-21	0	0	0	0	0	0	27425	10	1436	0	0	0	0	0	0	0	0	0	0	28871
2086	Ordonez Grajeda Jose	1021014	CARTERA_IDE	2015-07-21	0	0	0	0	0	0	21687	5	1992	0	0	0	0	0	0	0	0	0	2	23686
2364	Ortiz Valenzuela Ces	1021057	CARTERA_IDE	2015-07-21	0	0	0	0	0	0	17354	5	1073	0	0	0	0	0	91	0	0	0	0	18523
2215	Palomino Zaragoza Ma	1021060	CARTERA_IDE	2015-07-21	0	0	0	0	0	0	30185	15	2457	0	0	0	0	0	0	0	0	0	4	32661
2289	Pena Claro Laura	1021041	CARTERA_IDE	2015-07-21	0	0	0	0	0	0	27055	10	2065	0	241	0	0	0	0	0	0	0	2	29373
2336	Pena Avalos Luis	1021056	CARTERA_IDE	2015-07-21	0	0	0	0	0	0	25619	10	2020	0	0	0	0	0	0	0	0	0	2	27651
2351	Perez Chavarria Gabr	1021033	CARTERA_IDE	2015-07-21	0	0	0	0	0	0	26705	10	2150	0	0	0	0	0	0	0	0	0	2	28867
2371	Perez Escobar Ibet	1021042	CARTERA_IDE	2015-07-21	0	0	0	0	0	0	18899	15	2062	0	18	0	0	0	0	0	4504	0	2	25500
2142	Perez Talamantes Mel	1021028	Cartera Desborde	2015-07-21	27	0	387.8518372	10472	0	0	5701	31	1211	0	0	0	0	0	0	0	0	0	4	17419
2142	Perez Talamantes Mel	1021028	CARTERA_IDE	2015-07-21	0	0	0	0	0	0	1560	0	0	0	0	0	0	0	0	0	0	0	0	1560
2209	Ramirez Martinez Ric	1021053	Cartera Desborde	2015-07-21	31	0	392.387085	12164	0	0	6388	162	1249	0	0	0	0	0	0	0	0	0	1	19964
2216	Renova Banda Selene	1021062	CARTERA_IDE	2015-07-21	0	0	0	0	0	0	4443	5	0	0	637	0	0	0	0	0	0	0	1	5086
2216	Renova Banda Selene	1021064	CARTERA_IDE	2015-07-21	0	0	0	0	0	0	15738	10	1387	0	0	0	0	0	0	0	0	0	1	17136
2367	Reyes Balbuena Alba	1021072	CARTERA_IDE	2015-07-21	0	0	0	0	0	0	8418	5	1356	0	2863	0	0	0	0	0	0	0	3	12645
2235	Rios Cervantes Karin	1021052	CARTERA_IDE	2015-07-21	0	0	0	0	0	0	17085	5	2180	0	0	0	0	0	0	0	0	0	1	19271
2205	Romero Gamboa  Javie	1021066	CARTERA_IDE	2015-07-21	0	0	0	0	0	0	23008	15	2188	0	0	0	0	0	0	0	0	0	1	25212
2254	Ruiz Grajeda Sandra	1021070	CARTERA_IDE	2015-07-21	0	0	0	0	0	0	29283	15	1641	0	2197	0	0	0	0	0	0	0	63	33199
2160	Salcedo Amezquita Iv	1021059	Cartera Desborde	2015-07-21	24	0	351.5833435	8438	0	0	1907	0	760	0	0	0	0	0	0	0	0	0	0	11105
2160	Salcedo Amezquita Iv	1021059	CARTERA_IDE	2015-07-21	0	0	0	0	0	0	3378	8	0	0	0	0	0	0	0	0	0	0	0	3386
2237	Salinas Gonzalez Dan	1021053	Cartera Desborde	2015-07-21	32	2	342.6875	10966	2	0	2882	5	1034	0	0	0	0	0	0	0	0	0	2	14889
2237	Salinas Gonzalez Dan	1021053	CARTERA_IDE	2015-07-21	0	0	0	0	0	0	5351	0	855	0	0	0	0	0	0	0	0	0	0	6985
2255	Sauzameda Garcia Eve	1021068	CARTERA_IDE	2015-07-21	0	0	0	0	0	0	29997	20	843	0	0	0	0	0	0	0	73	0	15	30948
2294	Soto BustilloTeresa	1021042	CARTERA_IDE	2015-07-21	0	0	0	0	0	0	25790	15	2499	0	688	0	0	0	0	0	0	0	5	28997
2337	Torres Madrigal Nidi	1021073	CARTERA_IDE	2015-07-21	0	0	0	0	0	0	21855	523	3103	0	0	0	0	0	0	0	267	0	2	25750
2052	Uribe Moya Miguel	1021013	CARTERA_IDE	2015-07-21	0	0	0	0	0	0	11728	5	773	0	0	0	0	0	0	0	458	0	0	12964
2258	Valverde Villezcas J	1021072	CARTERA_IDE	2015-07-21	0	0	0	0	0	0	16920	5	1307	0	0	0	0	0	0	0	0	0	0	18232
2266	Vazquez Contreras Ju	1021051	CARTERA_IDE	2015-07-21	0	0	0	0	0	0	13282	10	974	0	0	0	0	0	0	0	0	0	10	14276
2117	Zavala Velazquillo A	1021002	CARTERA_IDE	2015-07-21	0	0	0	0	0	0	13822	5	1311	2984	0	0	0	0	0	0	0	0	2	18124
2326	Zubia Ballesteros Yo	1021047	CARTERA_IDE	2015-07-21	0	0	0	0	0	0	13029	5	595	0	0	0	0	0	0	0	0	0	1	13630
2175	Zubiate Carrillo Pau	1021021	CARTERA_IDE	2015-07-21	0	0	0	0	0	0	12715	5	1663	0	0	0	0	0	1486	0	0	0	2	15871
