2391	Almora Hernandez Dam	1021050	CARTERA_IDE	2015-08-31	0	0	0	0	0	0	19449	15	727	0	0	0	0	0	448	0	0	0	0	20639
2394	Ballesteros Medina E	1021034	CARTERA_IDE	2015-08-31	0	0	0	0	0	0	21338	10	1751	0	0	0	0	0	0	0	0	0	0	23099
2370	Banuelos Barrera Dan	1021036	CARTERA_IDE	2015-08-31	0	0	0	0	0	0	18256	5	2198	0	0	0	0	0	411	0	0	0	1	20871
2202	Bencomo Lujan Jose	1021041	CARTERA_IDE	2015-08-31	0	0	0	0	0	0	16371	5	1616	0	0	0	0	0	0	0	0	0	0	17992
2376	Blanco Amesquita Dan	1021056	CARTERA_IDE	2015-08-31	0	0	0	0	0	0	27655	37	1565	0	0	0	0	0	0	0	0	0	0	29257
2314	Castillo Ruiz Ivan	1021016	CARTERA_IDE	2015-08-31	0	0	0	0	0	0	29440	10	1881	0	448	0	0	0	811	0	0	0	1	32591
2365	Chacon Arzaga Josue	1021036	CARTERA_IDE	2015-08-31	0	0	0	0	0	0	29422	20	1666	0	0	0	0	0	933	0	371	0	3	32415
2319	Chacon Reyes Rocio	1021009	CARTERA_IDE	2015-08-31	0	0	0	0	0	0	25631	10	3873	0	0	0	0	0	0	0	0	0	4	29518
2358	Chaparro Maicol Chri	1021004	CARTERA_IDE	2015-08-31	0	0	0	0	0	0	25470	20	1973	0	0	0	0	0	1181	0	0	0	4	28648
2228	Chavez Quinones Josu	1021033	CARTERA_IDE	2015-08-31	0	0	0	0	0	0	28217	20	2620	0	0	0	0	0	0	0	0	0	0	30857
2228	Chavez Quinones Josu	1021032	CARTERA_IDE	2015-08-31	0	0	0	0	0	0	14	5	0	0	0	0	0	0	0	0	0	0	0	19
2352	Chavez Solis Linda	1021003	CARTERA_IDE	2015-08-31	0	0	0	0	0	0	30457	10	1618	0	263	0	0	0	841	0	0	0	3	33192
2146	Chavira Sifuentes Cr	1021024	CARTERA_IDE	2015-08-31	0	0	0	0	0	0	20870	5	1092	0	0	0	0	0	0	0	0	0	1	21968
2168	Colomo Diaz Ivan	1021046	Cartera Desborde	2015-08-31	16	1	282.1875	4515	0	0	6665	12	1241	0	0	0	0	0	0	0	0	0	0	12433
2251	Cordero Marquez Rafa	1021064	CARTERA_IDE	2015-08-31	0	0	0	0	0	0	29288	30	2194	0	0	0	0	0	0	0	0	0	3	31515
2331	Corral Ponce Veronic	1021060	CARTERA_IDE	2015-08-31	0	0	0	0	0	0	15630	10	1204	0	1179	0	0	0	0	0	0	0	0	18023
2106	Cortez Valdez Ivan A	1021028	Cartera Desborde	2015-08-31	41	0	298.6585388	12245	0	0	8665	413	2147	1323	263	0	0	0	0	0	0	0	1	25057
2106	Cortez Valdez Ivan A	1021028	CARTERA_IDE	2015-08-31	0	0	0	0	0	0	2573	0	1	0	0	0	0	0	857	0	0	0	0	3431
2298	De los Angeles Chris	1021032	CARTERA_IDE	2015-08-31	0	0	0	0	0	0	16967	30	894	0	0	0	0	0	0	0	0	0	17	17908
2268	Diaz Rivera Itzel	1021067	CARTERA_IDE	2015-08-31	0	0	0	0	0	0	7622	5	1509	0	0	0	0	0	0	0	0	0	1	9137
2010	Escobedo M. Bianca	1021014	CARTERA_IDE	2015-08-31	0	0	0	0	0	0	9641	5	1268	0	0	0	0	0	0	0	0	0	0	10914
2383	Estrada Mujica Aleja	1021068	CARTERA_IDE	2015-08-31	0	0	0	0	0	0	14329	682	1142	0	0	0	0	0	0	0	0	0	0	16153
2170	Falcon Perez Luis	1021052	CARTERA_IDE	2015-08-31	0	0	0	0	0	0	15141	5	2062	0	0	0	0	0	906	0	0	0	1	18115
2156	Figueroa Marrufo Adr	1021043	CARTERA_IDE	2015-08-31	0	0	0	0	0	0	16655	15	1195	0	144	0	0	0	0	0	0	0	2	18011
2303	Flores Arras Claudia	1021078	CARTERA_IDE	2015-08-31	0	0	0	0	0	0	18710	2130	1536	0	0	0	0	0	0	0	603	0	4	22983
2384	Flores Heredia Keyla	1021044	CARTERA_IDE	2015-08-31	0	0	0	0	0	0	19626	5	2102	0	0	0	0	0	0	0	0	0	2	21735
2172	Flores Murillo Denis	1021049	Cartera Desborde	2015-08-31	13	1	408.2307739	5307	0	0	947	3	1076	0	0	0	0	0	0	0	0	0	0	7333
2172	Flores Murillo Denis	1021049	CARTERA_IDE	2015-08-31	0	0	0	0	0	0	16490	5	1075	0	0	0	0	0	393	0	0	0	0	17963
2372	Garcia Ortiz Ever	1021045	Cartera Desborde	2015-08-31	7	0	299.7142944	2098	0	0	1563	3	0	0	0	0	0	0	0	0	0	0	0	3664
2372	Garcia Ortiz Ever	1021045	CARTERA_IDE	2015-08-31	0	0	0	0	0	0	25545	634	2029	0	0	0	0	0	132	0	0	0	1	28341
2072	Garcia Urtuzuastegui	1021053	Cartera Desborde	2015-08-31	17	1	372.2352905	6328	0	0	1658	158	1083	0	0	0	0	0	0	0	0	0	0	9227
2072	Garcia Urtuzuastegui	1021053	CARTERA_IDE	2015-08-31	0	0	0	0	0	0	5635	0	0	0	0	0	0	0	0	0	0	0	0	5635
2236	Gaytan Gallardo Vict	1021017	CARTERA_IDE	2015-08-31	0	0	0	0	0	0	9222	5	1043	0	0	0	0	0	0	0	0	0	0	10270
2327	Gonzalez Gonzalez Na	1021082	CARTERA_IDE	2015-08-31	0	0	0	0	0	0	24228	15	0	0	0	0	0	0	0	0	0	0	8	24251
2386	Grajeda Favela Jesus	1021070	CARTERA_IDE	2015-08-31	0	0	0	0	0	0	13655	5	1159	0	0	0	0	0	0	0	0	0	3	14822
2232	Haro Chavez Leslie	1021022	CARTERA_IDE	2015-08-31	0	0	0	0	0	0	22921	5	2255	0	222	0	0	0	0	0	0	0	17	25420
2243	Hernandez Macias Ana	1021065	CARTERA_IDE	2015-08-31	0	0	0	0	0	0	16010	15	864	0	382	0	0	0	0	0	0	0	2	17273
2387	Hernandez Ramirez Ga	1021051	CARTERA_IDE	2015-08-31	0	0	0	0	0	0	15783	5	1042	0	0	0	0	0	834	2	483	0	2	18151
2252	Hinostroza Diego	1021061	CARTERA_IDE	2015-08-31	0	0	0	0	0	0	11877	10	1247	0	0	0	0	0	0	0	0	0	3	13137
2107	Ibarra Enriquez Mari	1021057	CARTERA_IDE	2015-08-31	0	0	0	0	0	0	22771	15	1067	0	721	0	0	0	0	0	0	0	8	24582
2350	Jaramillo Flores Ser	1021031	CARTERA_IDE	2015-08-31	0	0	0	0	0	0	25440	34	3153	0	0	0	0	0	188	0	0	0	5	28820
2323	Lara Garcia Teresita	1021054	Cartera Desborde	2015-08-31	15	1	466.0666809	6991	0	0	2919	0	1047	0	0	0	0	0	0	0	0	0	0	10957
2323	Lara Garcia Teresita	1021054	CARTERA_IDE	2015-08-31	0	0	0	0	0	0	7143	5	0	0	0	0	0	0	0	0	0	0	0	7148
2194	Leyva Rodriguez Ana	1021012	CARTERA_IDE	2015-08-31	0	0	0	0	0	0	30094	10	943	0	0	0	0	0	0	0	0	0	6	31053
2339	Leyva Rodriguez Serg	1021029	CARTERA_IDE	2015-08-31	0	0	0	0	0	0	22009	21	1163	0	0	0	0	0	0	0	0	0	3	23196
2385	Lira Torres Adriana	1021034	CARTERA_IDE	2015-08-31	0	0	0	0	0	0	11919	58	1199	0	0	0	0	0	0	0	0	0	3	13179
2392	Lopez Meraz Yessica	1021027	CARTERA_IDE	2015-08-31	0	0	0	0	0	0	12410	5	806	0	1350	0	0	0	0	0	0	0	2	14573
2368	Lopez Torres Luis	1021040	CARTERA_IDE	2015-08-31	0	0	0	0	0	0	15180	5	1678	0	1607	0	0	0	0	0	0	0	0	18470
2224	Loya Martinez Bannel	1021021	CARTERA_IDE	2015-08-31	0	0	0	0	0	0	16083	10	1409	0	0	0	0	0	0	0	0	0	1	17503
2332	Lujan Arais Sara	1021061	CARTERA_IDE	2015-08-31	0	0	0	0	0	0	22463	10	2165	0	0	0	0	0	409	0	0	0	2	25049
2042	Manjarrez L. Laura C	1021054	Cartera Desborde	2015-08-31	2	0	322	644	0	0	34	5	0	0	0	0	0	0	0	0	0	0	1	684
2180	Marrufo martinez Cin	1021052	CARTERA_IDE	2015-08-31	0	0	0	0	0	0	13401	5	1533	0	0	0	0	0	0	0	190	0	2	15131
2080	Martinez Maldonado E	1021051	CARTERA_IDE	2015-08-31	0	0	0	0	0	0	12388	61	0	0	0	0	0	0	736	0	0	0	0	13185
2379	Medina Hernandez Cri	1021047	CARTERA_IDE	2015-08-31	0	0	0	0	0	0	9861	5	0	0	0	0	0	0	292	0	0	0	31	10189
2181	medina Rivas Jazmin	1021054	Cartera Desborde	2015-08-31	14	0	433.3571472	6067	0	0	75	14	0	0	0	0	0	0	0	0	0	0	0	6156
2181	medina Rivas Jazmin	1021013	CARTERA_IDE	2015-08-31	0	0	0	0	0	0	7599	10	1185	0	0	0	0	0	0	0	0	0	1	8795
2297	Medrano Cordero Daya	1021023	CARTERA_IDE	2015-08-31	0	0	0	0	0	0	23189	5	2294	0	0	0	0	0	0	0	0	0	0	25488
2301	Melendez Ramirez Nan	1021019	CARTERA_IDE	2015-08-31	0	0	0	0	0	0	23042	16	1897	0	0	0	0	0	0	0	0	0	1	24956
2359	Moreno Hernandez Lui	1021026	CARTERA_IDE	2015-08-31	0	0	0	0	0	0	19405	15	1976	0	993	0	0	0	30	0	0	0	3	22422
2393	Morquecho Alejandra	1021060	CARTERA_IDE	2015-08-31	0	0	0	0	0	0	23597	10	2149	0	0	0	0	0	0	0	0	0	3	25759
2293	Muñoz Acosta Eric	1021007	CARTERA_IDE	2015-08-31	0	0	0	0	0	0	28447	20	2088	0	401	0	0	0	866	0	0	0	19	31841
2086	Ordonez Grajeda Jose	1021035	CARTERA_IDE	2015-08-31	0	0	0	0	0	0	20452	5	1563	0	739	0	0	0	789	0	0	0	1	23549
2032	Ortiz Lopez Alejandr	1021048	Cartera Desborde	2015-08-31	26	1	341.8076782	8887	0	0	14282	6	1915	0	0	0	0	0	0	0	0	0	0	25090
2032	Ortiz Lopez Alejandr	1021048	CARTERA_IDE	2015-08-31	0	0	0	0	0	0	7628	6	0	0	0	0	0	0	0	0	0	0	0	7634
2087	Ortiz Mendoza Jessic	1021052	Cartera Desborde	2015-08-31	3	0	261.6666565	785	0	0	258	5	0	0	0	0	0	0	0	0	0	0	3	1051
2364	Ortiz Valenzuela Ces	1021058	CARTERA_IDE	2015-08-31	0	0	0	0	0	0	21079	5	1155	0	0	0	0	0	0	0	0	0	0	22239
2215	Palomino Zaragoza Ma	1021062	CARTERA_IDE	2015-08-31	0	0	0	0	0	0	29729	25	2590	0	0	0	0	0	0	0	0	0	7	32351
2351	Perez Chavarria Gabr	1021002	CARTERA_IDE	2015-08-31	0	0	0	0	0	0	28206	20	2074	0	0	0	0	0	0	0	0	0	3	30303
2333	Perez Sylva Yazmin	1021062	CARTERA_IDE	2015-08-31	0	0	0	0	0	0	14108	10	2099	0	0	0	0	0	519	0	0	0	1	16737
2142	Perez Talamantes Mel	1021018	CARTERA_IDE	2015-08-31	0	0	0	0	0	0	12192	5	1047	1245	0	0	0	0	0	0	0	0	1	14490
2216	Renova Banda Selene	1021043	CARTERA_IDE	2015-08-31	0	0	0	0	0	0	16488	10	1429	0	0	0	0	0	0	0	0	0	2	17929
2205	Romero Gamboa  Javie	1021067	CARTERA_IDE	2015-08-31	0	0	0	0	0	0	16108	20	1352	0	0	0	0	0	0	0	0	0	1	17481
2363	Ruiz Daniel	1021049	Cartera Desborde	2015-08-31	10	0	496.2000122	4962	0	0	22	132	103	0	0	0	0	0	0	0	0	0	1	5220
2160	Salcedo Amezquita Iv	1021079	CARTERA_IDE	2015-08-31	0	0	0	0	0	0	16167	23	1303	0	370	0	0	0	0	0	0	0	2	17865
2237	Salinas Gonzalez Dan	1021053	Cartera Desborde	2015-08-31	8	0	406.125	3249	0	0	3251	0	0	0	0	0	0	0	0	0	0	0	3	6503
2237	Salinas Gonzalez Dan	1021053	CARTERA_IDE	2015-08-31	0	0	0	0	0	0	6247	5	1074	0	0	0	0	0	0	0	0	0	0	7326
2294	Soto BustilloTeresa	1021015	CARTERA_IDE	2015-08-31	0	0	0	0	0	0	28863	20	2200	0	535	0	0	0	0	0	0	0	4	31622
2389	Soto Marquez Laura	1021011	CARTERA_IDE	2015-08-31	0	0	0	0	0	0	23961	5	1733	0	0	0	0	0	0	0	0	0	4	25703
2052	Uribe Moya Miguel	1021013	Cartera Desborde	2015-08-31	9	1	299.6666565	2697	0	0	8265	5	836	0	0	0	0	0	0	0	0	0	1	11804
2258	Valverde Villezcas J	1021079	CARTERA_IDE	2015-08-31	0	0	0	0	0	0	16855	5	1195	0	0	0	0	0	0	0	0	0	2	18057
2266	Vazquez Contreras Ju	1021070	CARTERA_IDE	2015-08-31	0	0	0	0	0	0	4220	5	1533	0	1459	0	0	0	0	0	0	0	5	7222
2117	Zavala Velazquillo A	1021001	CARTERA_IDE	2015-08-31	0	0	0	0	0	0	22470	5	1837	0	0	0	0	0	0	0	0	0	0	24312
2175	Zubiate Carrillo Pau	1021081	CARTERA_IDE	2015-08-31	0	0	0	0	0	0	19767	15	1693	0	0	0	0	0	0	0	0	0	7	21482
