2346	Aguilar Santillanes	1021005	CARTERA_IDE	2015-08-03	0	0	0	0	0	0	22141	25	2880	0	0	0	0	0	0	0	0	0	0	25046
2370	Banuelos Barrera Dan	1021036	CARTERA_IDE	2015-08-03	0	0	0	0	0	0	26611	15	2009	0	0	0	0	0	0	0	0	0	20	28655
2202	Bencomo Lujan Jose	1021070	CARTERA_IDE	2015-08-03	0	0	0	0	0	0	28951	10	1649	0	0	0	0	0	0	368	0	0	0	30978
2049	Cano Saenz Sarai	1021053	Cartera Desborde	2015-08-03	7	0	552.4285889	3867	0	0	1349	0	111	0	0	0	0	0	0	349	0	0	0	5676
2049	Cano Saenz Sarai	1021053	CARTERA_IDE	2015-08-03	0	0	0	0	0	0	22174	31	2000	0	0	0	0	0	0	0	291	0	4	24500
2310	Cazares Cata? Vera	1021057	Cartera Desborde	2015-08-03	1	0	651	651	0	0	0	5	0	0	0	0	0	0	0	0	0	0	0	656
2310	Cazares Cata? Vera	1021057	CARTERA_IDE	2015-08-03	0	0	0	0	0	0	24114	5	2167	0	19	0	0	0	0	352	0	0	1	26658
2365	Chacon Arzaga Josue	1021041	CARTERA_IDE	2015-08-03	0	0	0	0	0	0	29516	13	1581	0	0	0	0	0	0	0	0	0	5	31115
2319	Chacon Reyes Rocio	1021009	Cartera Desborde	2015-08-03	0	0	0	0	0	0	33	5	0	0	0	0	0	0	0	0	0	0	0	38
2319	Chacon Reyes Rocio	1021009	CARTERA_IDE	2015-08-03	0	0	0	0	0	0	30322	10	5271	0	0	0	0	0	0	0	0	0	3	35606
2358	Chaparro Maicol Chri	1021001	CARTERA_IDE	2015-08-03	0	0	0	0	0	0	28227	46	2244	0	0	0	0	0	0	0	0	0	4	30521
2228	Chavez Quinones Josu	1021029	CARTERA_IDE	2015-08-03	0	0	0	0	0	0	24696	30	1495	0	0	0	0	0	1746	0	0	0	0	27967
2146	Chavira Sifuentes Cr	1021021	Cartera Desborde	2015-08-03	37	4	252.0540466	9326	0	0	6663	21	598	0	0	0	0	0	0	0	0	0	0	16800
2146	Chavira Sifuentes Cr	1021021	CARTERA_IDE	2015-08-03	0	0	0	0	0	0	12689	5	1187	0	0	0	0	0	0	0	0	0	0	13881
2168	Colomo Diaz Ivan	1021054	Cartera Desborde	2015-08-03	0	0	0	0	0	0	1063	5	0	0	0	0	0	0	0	0	215	0	0	1283
2168	Colomo Diaz Ivan	1021054	CARTERA_IDE	2015-08-03	0	0	0	0	0	0	9486	0	1079	0	0	2	0	0	0	0	1	0	1	10569
2251	Cordero Marquez Rafa	1021056	Cartera Desborde	2015-08-03	37	0	431.4594727	15964	0	0	8020	15	2118	0	0	0	0	0	0	0	0	0	0	26117
2251	Cordero Marquez Rafa	1021056	CARTERA_IDE	2015-08-03	0	0	0	0	0	0	3729	5	0	0	0	0	0	0	0	324	0	0	0	4058
2331	Corral Ponce Veronic	1021059	CARTERA_IDE	2015-08-03	0	0	0	0	0	0	2629	10	0	0	0	0	0	0	0	0	1461	0	0	4100
2106	Cortez Valdez Ivan A	1021034	CARTERA_IDE	2015-08-03	0	0	0	0	0	0	7078	5	2250	0	0	0	0	0	0	252	0	0	0	9585
2268	Diaz Rivera Itzel	1021066	CARTERA_IDE	2015-08-03	0	0	0	0	0	0	26454	30	2382	0	0	0	0	0	0	341	711	0	4	29922
2125	Dominguez Alarcon Is	1021033	CARTERA_IDE	2015-08-03	0	0	0	0	0	0	31132	10	1994	0	0	0	0	0	0	0	0	0	1	33137
2362	Edgar Silva	1021043	Cartera Desborde	2015-08-03	9	0	343.1111145	3088	0	0	0	20	5	0	0	0	0	0	0	0	0	0	0	3113
2010	Escobedo M. Bianca	1021007	CARTERA_IDE	2015-08-03	0	0	0	0	0	0	14648	10	1137	0	0	0	0	0	0	0	0	0	0	15795
2170	Falcon Perez Luis	1021052	Cartera Desborde	2015-08-03	10	0	407.7000122	4077	0	0	1505	12	0	0	0	0	0	0	0	353	0	0	0	5947
2170	Falcon Perez Luis	1021052	CARTERA_IDE	2015-08-03	0	0	0	0	0	0	13134	5	634	0	0	0	0	0	0	0	0	0	0	13773
2169	Fierro Alvarado Karl	1021067	CARTERA_IDE	2015-08-03	0	0	0	0	0	0	24069	20	2112	0	0	0	0	0	0	256	0	0	1	26458
2156	Figueroa Marrufo Adr	1021066	CARTERA_IDE	2015-08-03	0	0	0	0	0	0	20231	5	2152	0	0	0	0	0	0	364	227	0	0	22979
2303	Flores Arras Claudia	1021078	CARTERA_IDE	2015-08-03	0	0	0	0	0	0	29975	15	2113	0	0	0	0	0	0	0	0	0	6	32109
2172	Flores Murillo Denis	1021049	CARTERA_IDE	2015-08-03	0	0	0	0	0	0	26195	25	1903	2675	0	0	0	0	0	0	0	0	0	30798
2372	Garcia Ortiz Ever	1021047	CARTERA_IDE	2015-08-03	0	0	0	0	0	0	30457	195	2000	0	0	0	0	0	0	0	0	0	2	32654
2327	Gonzalez Gonzalez Na	1021080	Cartera Desborde	2015-08-03	10	1	732	7320	0	0	1599	10	1785	0	0	0	0	0	0	0	0	0	5	10719
2232	Haro Chavez Leslie	1021026	CARTERA_IDE	2015-08-03	0	0	0	0	0	0	22843	5	1966	0	0	0	0	0	0	0	352	0	0	25166
2243	Hernandez Macias Ana	1021065	CARTERA_IDE	2015-08-03	0	0	0	0	0	0	26898	10	1830	0	0	0	0	0	0	0	0	0	1	28739
2107	Ibarra Enriquez Mari	1021057	CARTERA_IDE	2015-08-03	0	0	0	0	0	0	30853	15	1790	0	0	0	0	0	0	0	0	0	5	32663
2350	Jaramillo Flores Ser	1021023	CARTERA_IDE	2015-08-03	0	0	0	0	0	0	27316	15	2315	0	0	0	0	0	0	0	259	0	1	29906
2229	Lara Clift Sylvia	1021014	CARTERA_IDE	2015-08-03	0	0	0	0	0	0	22598	10	2620	0	0	0	0	0	0	0	0	0	2	25230
2194	Leyva Rodriguez Ana	1021011	CARTERA_IDE	2015-08-03	0	0	0	0	0	0	29462	10	1331	0	0	0	0	0	0	0	0	0	3	30806
2339	Leyva Rodriguez Serg	1021027	CARTERA_IDE	2015-08-03	0	0	0	0	0	0	17237	25	1072	0	0	0	0	0	0	0	25	0	1	18360
2177	Lopez Garcia Tanya	1021025	CARTERA_IDE	2015-08-03	0	0	0	0	0	0	23034	10	2386	0	0	0	0	0	0	0	0	0	1	25431
2368	Lopez Torres Luis	1021006	CARTERA_IDE	2015-08-03	0	0	0	0	0	0	7488	137	0	0	0	0	0	0	0	0	17664	0	2	25291
2224	Loya Martinez Bannel	1021022	Cartera Desborde	2015-08-03	1	1	27	27	0	0	536	52	0	0	0	0	0	0	0	0	0	0	0	615
2224	Loya Martinez Bannel	1021022	CARTERA_IDE	2015-08-03	0	0	0	0	0	0	21841	0	2715	0	0	0	0	0	0	0	0	0	1	24557
2332	Lujan Arais Sara	1021061	CARTERA_IDE	2015-08-03	0	0	0	0	0	0	18097	31	2400	0	0	0	0	0	0	0	0	0	6	20534
2278	Macias Jurado Iliana	1021015	CARTERA_IDE	2015-08-03	0	0	0	0	0	0	25837	31	2431	0	0	0	0	0	0	0	763	0	0	29062
2098	Mancha Castaneda Isi	1021014	Cartera Desborde	2015-08-03	1	1	6	6	0	0	219	12	0	0	0	0	0	0	0	0	0	0	0	237
2098	Mancha Castaneda Isi	1021060	CARTERA_IDE	2015-08-03	0	0	0	0	0	0	29384	10	2450	0	0	0	0	0	0	0	0	0	3	31847
2042	Manjarrez L. Laura C	1021031	Cartera Desborde	2015-08-03	18	7	190.1666718	3423	0	0	139	15	16	0	0	0	0	0	0	0	0	0	0	3593
2180	Marrufo martinez Cin	1021052	CARTERA_IDE	2015-08-03	0	0	0	0	0	0	18390	5	1211	0	0	0	0	0	0	0	0	0	2	19608
2080	Martinez Maldonado E	1021051	CARTERA_IDE	2015-08-03	0	0	0	0	0	0	7367	5	979	0	0	0	0	0	220	0	268	0	4	8843
2297	Medrano Cordero Daya	1021018	CARTERA_IDE	2015-08-03	0	0	0	0	0	0	22479	20	2613	0	0	0	0	0	0	0	0	0	1	25113
2301	Melendez Ramirez Nan	1021019	CARTERA_IDE	2015-08-03	0	0	0	0	0	0	27095	10	1756	0	0	0	0	0	0	0	0	0	2	28863
2183	Mendoza Ruiz Rene	1021051	Cartera Desborde	2015-08-03	13	1	252.9230804	3288	0	0	1321	5	0	0	0	0	0	0	0	0	0	0	10	4624
2183	Mendoza Ruiz Rene	1021051	CARTERA_IDE	2015-08-03	0	0	0	0	0	0	15905	14	2273	0	0	0	0	0	0	0	0	0	2	18194
2359	Moreno Hernandez Lui	1021061	CARTERA_IDE	2015-08-03	0	0	0	0	0	0	7113	6	1291	0	0	0	0	0	0	268	0	0	0	8678
2359	Moreno Hernandez Lui	1021008	CARTERA_IDE	2015-08-03	0	0	0	0	0	0	15694	572	1666	0	0	0	0	0	0	0	0	0	1	17933
2361	Murillo Valenzuela A	1021002	CARTERA_IDE	2015-08-03	0	0	0	0	0	0	26144	15	2013	0	0	0	0	0	0	0	0	0	3	28175
2086	Ordonez Grajeda Jose	1021012	CARTERA_IDE	2015-08-03	0	0	0	0	0	0	21190	10	2407	0	0	0	0	0	0	0	0	0	2	23609
2032	Ortiz Lopez Alejandr	1021048	Cartera Desborde	2015-08-03	0	0	0	0	0	0	992	5	0	0	0	0	0	0	0	0	0	0	0	997
2032	Ortiz Lopez Alejandr	1021048	CARTERA_IDE	2015-08-03	0	0	0	0	0	0	25671	11	3215	2256	0	0	0	0	0	0	0	0	0	31153
2087	Ortiz Mendoza Jessic	1021051	Cartera Desborde	2015-08-03	4	1	165	660	0	0	0	5	0	0	0	0	0	0	0	0	0	0	0	665
2364	Ortiz Valenzuela Ces	1021050	CARTERA_IDE	2015-08-03	0	0	0	0	0	0	27744	10	1744	0	0	0	0	0	0	0	0	0	0	29498
2215	Palomino Zaragoza Ma	1021072	Cartera Desborde	2015-08-03	37	2	407.5135193	15078	0	0	6032	15	2660	0	0	0	0	0	412	361	0	0	0	24558
2351	Perez Chavarria Gabr	1021003	CARTERA_IDE	2015-08-03	0	0	0	0	0	0	28398	15	1871	0	0	0	0	0	0	0	0	0	4	30288
2371	Perez Escobar Ibet	1021039	CARTERA_IDE	2015-08-03	0	0	0	0	0	0	22764	10	1895	0	0	0	0	0	404	0	0	0	2	25075
2333	Perez Sylva Yazmin	1021049	CARTERA_IDE	2015-08-03	0	0	0	0	0	0	26496	20	2004	0	0	0	0	0	144	0	941	0	2	29607
2142	Perez Talamantes Mel	1021028	Cartera Desborde	2015-08-03	31	0	444.419342	13777	0	0	11596	72	1910	0	0	0	0	0	0	0	0	0	0	27355
2142	Perez Talamantes Mel	1021028	CARTERA_IDE	2015-08-03	0	0	0	0	0	0	202	0	0	0	0	0	0	0	0	0	0	0	0	202
2015	Porras Varela Ana	1021064	Cartera Desborde	2015-08-03	8	0	534.375	4275	0	0	69	5	7	0	0	0	0	0	0	0	0	0	0	4356
2216	Renova Banda Selene	1021071	CARTERA_IDE	2015-08-03	0	0	0	0	0	0	27599	20	2290	0	0	0	0	0	0	312	0	0	0	30221
2205	Romero Gamboa  Javie	1021074	CARTERA_IDE	2015-08-03	0	0	0	0	0	0	24546	58	2071	0	0	0	0	0	0	313	0	0	3	26991
2363	Ruiz Daniel	1021028	Cartera Desborde	2015-08-03	7	0	609.5714111	4267	0	0	142	68	177	0	0	0	0	0	0	0	0	0	1	4655
2254	Ruiz Grajeda Sandra	1021044	CARTERA_IDE	2015-08-03	0	0	0	0	0	0	28940	36	1757	0	359	3	0	0	0	116	0	0	1	31212
2160	Salcedo Amezquita Iv	1021068	Cartera Desborde	2015-08-03	39	1	390.5128174	15230	0	0	7093	89	1902	0	0	0	0	0	0	0	0	0	6	24320
2237	Salinas Gonzalez Dan	1021053	Cartera Desborde	2015-08-03	25	0	397.6799927	9942	23	0	1104	15	920	0	0	0	0	0	0	0	0	0	27	12008
2237	Salinas Gonzalez Dan	1021053	CARTERA_IDE	2015-08-03	0	0	0	0	0	0	3496	5	1010	0	0	0	0	0	0	0	8622	0	3	13136
2337	Torres Madrigal Nidi	1021073	CARTERA_IDE	2015-08-03	0	0	0	0	0	0	22579	434	2719	0	0	0	0	0	0	0	0	0	1	25733
2052	Uribe Moya Miguel	1021013	Cartera Desborde	2015-08-03	49	2	255.6326599	12526	0	0	15817	10	1621	0	0	0	0	0	0	0	377	0	0	30351
2258	Valverde Villezcas J	1021079	CARTERA_IDE	2015-08-03	0	0	0	0	0	0	27870	10	1703	0	0	0	0	0	0	0	0	0	1	29584
2267	Villalba Grimaldo Ge	1021009	CARTERA_IDE	2015-08-03	0	0	0	0	0	0	5956	5	0	0	0	0	0	0	0	0	0	0	1	5962
2117	Zavala Velazquillo A	1021003	CARTERA_IDE	2015-08-03	0	0	0	0	0	0	23276	65	2212	0	0	0	0	0	0	53	149	0	3	25758
2326	Zubia Ballesteros Yo	1021045	CARTERA_IDE	2015-08-03	0	0	0	0	0	0	27187	15	586	0	0	0	0	0	0	0	964	0	3	28755
2175	Zubiate Carrillo Pau	1021024	CARTERA_IDE	2015-08-03	0	0	0	0	0	0	22988	10	2386	0	0	0	0	0	0	0	0	0	6	25390
